Iteracion 0 Gamma 10
Presicion
0 0.77454
1 0.97689
2 0.910388
3 0.75153
4 0.904282
5 0.880618
6 0.88974
7 0.981735
8 0.560987
9 0.69862
10 0.832933
Recall
0 0.965246
1 0.882095
2 0.885344
3 0.852246
4 0.694383
5 0.362224
6 0.930201
7 0.770219
8 0.90099
9 0.792844
10 0.803579
F1-Score
0 0.858425
1 0.926365
2 0.897091
3 0.797305
4 0.785455
5 0.507706
6 0.909257
7 0.862946
8 0.690313
9 0.742411
10 0.797727
Hitrate
0 0.8076
MatConf 
|477 0 3 4 0 1 7 0 2 0 |
|0 490 3 6 0 1 7 0 51 0 |
|11 1 482 10 3 1 13 2 19 3 |
|8 0 10 408 0 14 2 2 32 4 |
|6 0 4 2 331 0 13 0 19 102 |
|69 6 5 54 9 171 8 0 133 14 |
|18 0 3 0 1 3 480 0 11 0 |
|8 4 15 13 8 3 1 389 25 40 |
|8 0 3 28 2 1 4 1 430 0 |
|13 1 1 18 12 1 5 2 45 380 |
Iteracion 1 Gamma 20
Presicion
0 0.839988
1 0.954281
2 0.909792
3 0.826259
4 0.908106
5 0.961215
6 0.906383
7 0.949817
8 0.750191
9 0.810822
10 0.881685
Recall
0 0.98353
1 0.966729
2 0.916639
3 0.878191
4 0.813699
5 0.727199
6 0.962785
7 0.839993
8 0.866012
9 0.802004
10 0.875678
F1-Score
0 0.905898
1 0.960045
2 0.912901
3 0.84954
4 0.858205
5 0.826343
6 0.933677
7 0.890977
8 0.803747
9 0.806289
10 0.874762
Hitrate
0 0.8782
MatConf 
|486 0 1 0 0 0 4 0 3 0 |
|0 539 4 2 0 0 4 0 9 0 |
|14 4 499 4 6 0 4 2 12 0 |
|9 4 8 421 0 6 1 2 28 1 |
|8 1 5 3 388 0 13 1 8 50 |
|20 1 3 32 3 341 16 1 47 5 |
|11 1 0 1 2 1 497 0 3 0 |
|5 7 17 6 8 0 1 423 7 32 |
|10 3 7 27 1 5 8 2 413 1 |
|16 4 4 14 19 3 0 14 20 384 |
Iteracion 2 Gamma 30
Presicion
0 0.852409
1 0.962876
2 0.938155
3 0.839639
4 0.944486
5 0.974212
6 0.925387
7 0.949917
8 0.813139
9 0.815361
10 0.901558
Recall
0 0.987699
1 0.975786
2 0.905252
3 0.896759
4 0.823848
5 0.779863
6 0.964801
7 0.871732
8 0.899868
9 0.861051
10 0.896666
F1-Score
0 0.914856
1 0.969097
2 0.921315
3 0.865966
4 0.88005
5 0.865487
6 0.944594
7 0.908987
8 0.853584
9 0.83741
10 0.896135
Hitrate
0 0.8984
MatConf 
|488 0 0 0 0 0 3 0 2 1 |
|0 544 4 1 0 0 2 0 6 1 |
|14 3 493 4 4 0 3 6 15 3 |
|10 3 9 430 0 4 1 2 20 1 |
|8 1 1 5 393 1 13 2 2 51 |
|15 4 2 30 3 365 8 0 36 6 |
|12 0 0 1 2 0 498 0 3 0 |
|7 4 11 8 3 0 1 440 3 29 |
|6 3 2 23 0 3 8 2 429 1 |
|13 3 3 10 11 2 1 11 12 412 |
Iteracion 3 Gamma 40
Presicion
0 0.862935
1 0.973245
2 0.936643
3 0.838696
4 0.960566
5 0.974069
6 0.923918
7 0.965246
8 0.835192
9 0.814401
10 0.908491
Recall
0 0.987699
1 0.97561
2 0.915758
3 0.900918
4 0.82806
5 0.796784
6 0.968883
7 0.875185
8 0.900053
9 0.886075
10 0.903503
F1-Score
0 0.920493
1 0.974199
2 0.926009
3 0.86762
4 0.889325
5 0.876134
6 0.945811
7 0.917949
8 0.865733
9 0.848695
10 0.903197
Hitrate
0 0.9052
MatConf 
|488 0 0 0 0 0 3 0 2 1 |
|0 544 3 1 0 0 4 0 5 1 |
|14 3 499 5 3 0 2 4 13 2 |
|8 3 9 432 0 4 1 1 21 1 |
|6 1 2 3 395 0 14 1 3 52 |
|13 1 2 34 2 373 8 0 31 5 |
|10 0 0 0 2 1 500 0 3 0 |
|6 3 11 7 1 0 1 442 1 34 |
|9 1 3 23 0 2 8 2 429 0 |
|13 3 3 10 8 3 0 8 6 424 |
Iteracion 4 Gamma 50
Presicion
0 0.858471
1 0.971618
2 0.948614
3 0.856767
4 0.951476
5 0.964533
6 0.925505
7 0.953491
8 0.84755
9 0.816462
10 0.909449
Recall
0 0.987699
1 0.97561
2 0.927304
3 0.894935
4 0.841145
5 0.808735
6 0.966864
7 0.881255
8 0.889307
9 0.881722
10 0.905457
F1-Score
0 0.918282
1 0.973502
2 0.937664
3 0.87466
4 0.892746
5 0.879519
6 0.94567
7 0.915868
8 0.867045
9 0.847759
10 0.905271
Hitrate
0 0.9074
MatConf 
|488 0 0 0 0 0 3 0 2 1 |
|0 544 2 2 0 0 4 0 5 1 |
|14 3 505 3 1 0 2 4 12 1 |
|8 3 8 429 0 7 1 1 22 1 |
|6 1 2 1 402 0 12 2 1 50 |
|14 2 0 30 2 379 8 0 28 6 |
|13 0 0 0 2 1 499 0 1 0 |
|6 3 10 4 2 0 1 445 1 34 |
|7 2 2 25 2 4 9 2 424 0 |
|13 2 3 7 11 2 0 13 5 422 |
Iteracion 5 Gamma 60
Presicion
0 0.866055
1 0.967511
2 0.954168
3 0.856453
4 0.960868
5 0.964853
6 0.932613
7 0.965211
8 0.846564
9 0.8293
10 0.914359
Recall
0 0.989836
1 0.977676
2 0.929089
3 0.906057
4 0.853963
5 0.820298
6 0.965012
7 0.884789
8 0.891975
9 0.889811
10 0.910851
F1-Score
0 0.923687
1 0.972407
2 0.941364
3 0.879392
4 0.904107
5 0.886463
6 0.94844
7 0.923088
8 0.867527
9 0.858248
10 0.910472
Hitrate
0 0.9124
MatConf 
|489 0 0 0 0 0 2 0 2 1 |
|0 545 2 1 0 0 5 0 4 1 |
|13 3 506 3 1 0 2 4 12 1 |
|5 3 8 434 0 7 1 1 20 1 |
|7 1 2 2 408 0 9 1 1 46 |
|12 1 0 27 1 384 9 0 29 6 |
|13 0 0 0 2 1 498 0 2 0 |
|6 4 10 5 1 0 1 447 1 31 |
|8 3 1 27 1 4 7 1 425 0 |
|12 3 1 8 10 2 0 9 7 426 |
Iteracion 6 Gamma 70
Presicion
0 0.867231
1 0.967511
2 0.952887
3 0.86912
4 0.956432
5 0.964052
6 0.922182
7 0.96121
8 0.840677
9 0.822095
10 0.91234
Recall
0 0.987699
1 0.977676
2 0.932254
3 0.903763
4 0.849538
5 0.805282
6 0.96685
7 0.882241
8 0.895705
9 0.883508
10 0.908452
F1-Score
0 0.923441
1 0.972407
2 0.942339
3 0.885311
4 0.899681
5 0.877381
6 0.943935
7 0.91999
8 0.866579
9 0.851621
10 0.908269
Hitrate
0 0.9104
MatConf 
|488 0 0 0 0 0 3 0 2 1 |
|0 545 2 2 0 0 4 0 4 1 |
|12 3 508 2 1 0 2 4 12 1 |
|7 3 7 433 0 7 1 1 20 1 |
|8 1 2 0 406 0 10 2 1 47 |
|10 1 1 28 2 377 12 0 32 6 |
|12 0 0 0 2 1 499 0 2 0 |
|6 4 10 3 2 0 1 446 1 33 |
|8 3 2 22 1 3 9 1 427 1 |
|12 3 1 8 10 3 0 10 8 423 |
Iteracion 7 Gamma 80
Presicion
0 0.867463
1 0.96557
2 0.956621
3 0.865817
4 0.96103
5 0.961633
6 0.93072
7 0.958885
8 0.843558
9 0.820546
10 0.913184
Recall
0 0.989836
1 0.979377
2 0.927304
3 0.899398
4 0.845602
5 0.800701
6 0.968702
7 0.88494
8 0.898555
9 0.89882
10 0.909323
F1-Score
0 0.924539
1 0.972279
2 0.941525
3 0.881402
4 0.899457
5 0.873701
6 0.949276
7 0.920345
8 0.869405
9 0.857681
10 0.908961
Hitrate
0 0.911
MatConf 
|489 0 0 0 0 0 2 0 2 1 |
|0 546 1 2 0 0 4 0 4 1 |
|12 4 505 3 1 0 2 5 12 1 |
|8 3 7 431 0 8 1 1 19 2 |
|8 1 2 0 404 0 9 2 1 50 |
|10 1 0 28 1 375 11 0 36 7 |
|12 0 0 0 2 1 500 0 1 0 |
|5 4 10 4 2 0 1 447 1 32 |
|9 3 2 21 2 3 7 2 428 0 |
|11 3 1 9 8 3 0 9 4 430 |
Iteracion 8 Gamma 90
Presicion
0 0.867508
1 0.961698
2 0.950904
3 0.866388
4 0.959318
5 0.957161
6 0.926006
7 0.960686
8 0.850298
9 0.812174
10 0.911214
Recall
0 0.989836
1 0.980901
2 0.927304
3 0.891101
4 0.846207
5 0.802943
6 0.972784
7 0.876874
8 0.892466
9 0.894618
10 0.907503
F1-Score
0 0.92454
1 0.971081
2 0.93881
3 0.877738
4 0.899101
5 0.873143
6 0.948691
7 0.916714
8 0.869814
9 0.851258
10 0.907089
Hitrate
0 0.9092
MatConf 
|489 0 0 0 0 0 2 0 2 1 |
|0 547 1 1 0 0 5 0 3 1 |
|13 5 505 2 1 0 2 4 12 1 |
|10 3 8 427 0 8 1 1 20 2 |
|8 1 2 0 404 0 9 2 0 51 |
|10 1 1 28 1 376 12 0 32 8 |
|10 0 0 0 2 1 502 0 1 0 |
|5 4 10 4 3 0 1 443 1 35 |
|8 4 2 22 2 5 8 1 425 0 |
|11 3 2 9 8 3 0 10 4 428 |
Iteracion 9 Gamma 100
Presicion
0 0.868902
1 0.961641
2 0.95837
3 0.871405
4 0.965938
5 0.962634
6 0.927612
7 0.961512
8 0.851092
9 0.81784
10 0.914695
Recall
0 0.989836
1 0.979201
2 0.920491
3 0.901145
4 0.847935
5 0.810703
6 0.970945
7 0.88682
8 0.900547
9 0.900921
10 0.910854
F1-Score
0 0.925306
1 0.970204
2 0.939034
3 0.885407
4 0.902856
5 0.880008
6 0.948661
7 0.922619
8 0.874335
9 0.85712
10 0.910555
Hitrate
0 0.9124
MatConf 
|489 0 0 0 0 0 2 0 2 1 |
|0 546 2 1 0 0 5 0 3 1 |
|14 5 501 2 1 0 2 5 14 1 |
|7 3 7 432 0 7 1 1 19 3 |
|8 1 2 0 405 0 9 2 0 50 |
|10 1 0 27 1 380 11 0 31 8 |
|11 0 0 0 2 1 501 0 1 0 |
|5 4 10 3 2 0 1 448 1 32 |
|7 4 0 23 1 4 8 1 429 0 |
|12 3 1 8 7 3 0 9 4 431 |
Iteracion 10 Gamma 110
Presicion
0 0.867358
1 0.960077
2 0.956318
3 0.8693
4 0.961141
5 0.967105
6 0.931031
7 0.963322
8 0.848678
9 0.818533
10 0.914286
Recall
0 0.989836
1 0.980901
2 0.921671
3 0.901042
4 0.853566
5 0.812685
6 0.970962
7 0.885367
8 0.892284
9 0.896719
10 0.910503
F1-Score
0 0.924468
1 0.970262
2 0.938638
3 0.88427
4 0.904062
5 0.883076
6 0.950484
7 0.922587
8 0.868996
9 0.855688
10 0.910253
Hitrate
0 0.9122
MatConf 
|489 0 0 0 0 0 2 0 2 1 |
|0 547 1 1 0 0 5 0 3 1 |
|13 5 502 2 2 0 2 5 13 1 |
|7 3 7 432 0 7 1 1 19 3 |
|8 1 3 0 408 0 8 1 1 47 |
|11 1 0 26 1 381 10 0 31 8 |
|11 0 0 0 2 1 501 0 1 0 |
|5 4 10 4 1 0 1 447 1 33 |
|9 4 0 24 2 3 8 1 425 1 |
|11 4 2 8 8 2 0 9 5 429 |
Iteracion 11 Gamma 120
Presicion
0 0.87015
1 0.962011
2 0.961982
3 0.878218
4 0.960946
5 0.959689
6 0.932925
7 0.959413
8 0.849729
9 0.816006
10 0.915107
Recall
0 0.989836
1 0.980901
2 0.923737
3 0.902907
4 0.849476
5 0.806313
6 0.972995
7 0.88682
8 0.90073
9 0.900921
10 0.911464
F1-Score
0 0.926105
1 0.971249
2 0.942449
3 0.889884
4 0.901629
5 0.876138
6 0.952445
7 0.921651
8 0.873515
9 0.856188
10 0.911125
Hitrate
0 0.9132
MatConf 
|489 0 0 0 0 0 2 0 2 1 |
|0 547 1 1 0 0 5 0 3 1 |
|14 4 503 2 2 0 1 5 13 1 |
|7 3 7 433 0 8 1 1 18 2 |
|7 1 1 0 406 0 8 2 0 52 |
|12 1 0 26 1 378 10 0 33 8 |
|10 0 0 0 2 1 502 0 1 0 |
|4 4 10 4 2 0 1 448 1 32 |
|8 4 0 21 2 4 8 1 429 0 |
|11 4 1 6 7 3 0 10 5 431 |
Iteracion 12 Gamma 130
Presicion
0 0.870125
1 0.960077
2 0.959961
3 0.878683
4 0.965697
5 0.960012
6 0.936267
7 0.959782
8 0.854971
9 0.814801
10 0.916038
Recall
0 0.989836
1 0.980901
2 0.924139
3 0.902907
4 0.853688
5 0.812685
6 0.972995
7 0.888699
8 0.904954
9 0.894467
10 0.912527
F1-Score
0 0.92611
1 0.970262
2 0.941659
3 0.890076
4 0.906094
5 0.880111
6 0.954177
7 0.922849
8 0.878508
9 0.852667
10 0.912251
Hitrate
0 0.9142
MatConf 
|489 0 0 0 0 0 2 0 2 1 |
|0 547 1 1 0 0 5 0 3 1 |
|14 5 503 2 2 0 1 5 12 1 |
|6 3 8 433 0 8 1 1 18 2 |
|7 1 1 0 408 0 7 2 0 51 |
|12 1 0 26 1 381 9 0 31 8 |
|10 0 0 0 2 1 502 0 1 0 |
|4 4 10 3 2 0 1 449 1 32 |
|7 4 0 21 0 4 8 1 431 1 |
|13 4 1 7 7 3 0 10 5 428 |
Iteracion 13 Gamma 140
Presicion
0 0.875015
1 0.958477
2 0.956169
3 0.877908
4 0.965752
5 0.960442
6 0.93808
7 0.961502
8 0.854421
9 0.816119
10 0.916389
Recall
0 0.989836
1 0.980901
2 0.924139
3 0.900614
4 0.851961
5 0.821686
6 0.974833
7 0.883845
8 0.900606
9 0.900921
10 0.912934
F1-Score
0 0.928847
1 0.969449
2 0.939833
3 0.888679
4 0.905205
5 0.885498
6 0.956046
7 0.921038
8 0.876014
9 0.856265
10 0.912687
Hitrate
0 0.9146
MatConf 
|489 1 0 0 0 0 2 0 1 1 |
|0 547 1 1 0 0 5 0 3 1 |
|13 5 503 2 2 0 1 5 13 1 |
|7 3 8 432 0 8 1 1 18 2 |
|7 1 1 1 407 0 8 1 0 51 |
|12 1 0 24 1 385 7 0 31 8 |
|9 0 0 0 2 1 503 0 1 0 |
|4 4 11 4 2 0 1 447 1 32 |
|7 4 1 21 1 4 8 1 429 1 |
|11 4 1 7 6 3 0 10 5 431 |
Iteracion 14 Gamma 150
Presicion
0 0.87642
1 0.958477
2 0.954068
3 0.872811
4 0.965752
5 0.962662
6 0.934662
7 0.961445
8 0.848804
9 0.811578
10 0.914668
Recall
0 0.989836
1 0.980901
2 0.922073
3 0.896801
4 0.851961
5 0.812896
6 0.974833
7 0.881845
8 0.896567
9 0.900921
10 0.910863
F1-Score
0 0.929673
1 0.969449
2 0.93775
3 0.88389
4 0.905205
5 0.88133
6 0.95425
7 0.919922
8 0.871146
9 0.853744
10 0.910636
Hitrate
0 0.9126
MatConf 
|489 1 0 0 0 0 2 0 1 1 |
|0 547 1 1 0 0 5 0 3 1 |
|13 5 502 2 2 0 1 5 14 1 |
|7 3 8 430 0 7 1 1 19 4 |
|7 1 1 1 407 0 8 1 0 51 |
|11 1 0 26 1 381 9 0 32 8 |
|9 0 0 0 2 1 503 0 1 0 |
|4 4 11 4 2 0 1 446 1 33 |
|7 4 2 22 1 4 8 1 427 1 |
|11 4 1 7 6 3 0 10 5 431 |
Iteracion 15 Gamma 160
Presicion
0 0.874935
1 0.958477
2 0.956235
3 0.87551
4 0.963958
5 0.962231
6 0.936499
7 0.963416
8 0.854362
9 0.813838
10 0.915946
Recall
0 0.989836
1 0.980901
2 0.926123
3 0.896373
4 0.858933
5 0.813105
6 0.974833
7 0.883845
8 0.902472
9 0.898831
10 0.912525
F1-Score
0 0.928819
1 0.969449
2 0.940878
3 0.885399
4 0.90837
5 0.881268
6 0.955247
7 0.921911
8 0.877115
9 0.854074
10 0.912253
Hitrate
0 0.9142
MatConf 
|489 1 0 0 0 0 2 0 1 1 |
|0 547 1 1 0 0 5 0 3 1 |
|13 5 504 2 2 0 1 5 12 1 |
|8 3 8 430 0 8 1 1 18 3 |
|7 1 1 1 410 0 6 1 0 50 |
|11 1 0 25 1 381 10 0 32 8 |
|9 0 0 0 2 1 503 0 1 0 |
|4 4 11 3 2 0 1 447 1 33 |
|7 4 1 22 0 3 8 1 430 1 |
|11 4 1 7 8 3 0 9 5 430 |
Iteracion 16 Gamma 170
Presicion
0 0.871836
1 0.958477
2 0.958202
3 0.872406
4 0.965954
5 0.964845
6 0.93808
7 0.963498
8 0.850395
9 0.812427
10 0.915612
Recall
0 0.989836
1 0.980901
2 0.926123
3 0.894507
4 0.858448
5 0.810701
6 0.974833
7 0.886272
8 0.898432
9 0.898831
10 0.911889
F1-Score
0 0.927078
1 0.969449
2 0.941842
3 0.882784
4 0.908877
5 0.880885
6 0.956046
7 0.923256
8 0.873015
9 0.853233
10 0.911647
Hitrate
0 0.9136
MatConf 
|489 1 0 0 0 0 2 0 1 1 |
|0 547 1 1 0 0 5 0 3 1 |
|13 5 504 2 2 0 1 5 12 1 |
|8 3 8 429 0 7 1 1 19 4 |
|7 1 1 1 410 0 6 1 0 50 |
|12 1 0 25 1 380 9 0 33 8 |
|9 0 0 0 2 1 503 0 1 0 |
|4 4 10 4 1 0 1 448 1 33 |
|8 4 1 23 0 3 8 1 428 1 |
|11 4 1 7 8 3 0 9 5 430 |
Iteracion 17 Gamma 180
Presicion
0 0.878335
1 0.958477
2 0.958053
3 0.87368
4 0.963646
5 0.960041
6 0.936397
7 0.963278
8 0.850853
9 0.811697
10 0.915446
Recall
0 0.989836
1 0.980901
2 0.927425
3 0.894507
4 0.85251
5 0.812701
6 0.974833
7 0.881965
8 0.900606
9 0.903033
10 0.911832
F1-Score
0 0.930716
1 0.969449
2 0.942454
3 0.883443
4 0.904598
5 0.880057
6 0.955176
7 0.920813
8 0.874381
9 0.854721
10 0.911581
Hitrate
0 0.9136
MatConf 
|489 1 0 0 0 0 2 0 1 1 |
|0 547 1 1 0 0 5 0 3 1 |
|11 5 505 2 2 0 1 5 13 1 |
|8 3 8 429 0 8 1 1 19 3 |
|7 1 1 1 407 0 7 1 0 52 |
|12 1 0 25 1 381 9 0 32 8 |
|9 0 0 0 2 1 503 0 1 0 |
|4 4 11 4 2 0 1 446 1 33 |
|7 4 1 22 0 4 8 1 429 1 |
|10 4 0 7 8 3 0 9 5 432 |
Iteracion 18 Gamma 190
Presicion
0 0.873524
1 0.958371
2 0.958096
3 0.875466
4 0.959612
5 0.964896
6 0.936397
7 0.96336
8 0.845935
9 0.81155
10 0.914721
Recall
0 0.989836
1 0.977676
2 0.923859
3 0.894507
4 0.854843
5 0.810717
6 0.974833
7 0.884392
8 0.900606
9 0.898994
10 0.911026
F1-Score
0 0.928017
1 0.967789
2 0.940643
3 0.88442
4 0.90408
5 0.880819
6 0.955176
7 0.922158
8 0.871533
9 0.852701
10 0.910734
Hitrate
0 0.9126
MatConf 
|489 1 0 0 0 0 2 0 1 1 |
|0 545 2 1 0 0 5 0 4 1 |
|12 5 503 2 2 0 1 5 14 1 |
|8 3 8 429 0 7 1 1 19 4 |
|7 1 1 1 408 0 7 1 0 51 |
|12 1 0 25 1 380 9 0 33 8 |
|9 0 0 0 2 1 503 0 1 0 |
|4 4 10 3 3 0 1 447 1 33 |
|8 4 1 22 0 3 8 1 429 1 |
|11 4 0 7 9 3 0 9 5 430 |
Iteracion 19 Gamma 200
Presicion
0 0.875238
1 0.958449
2 0.960067
3 0.879129
4 0.961336
5 0.962397
6 0.934738
7 0.959413
8 0.849209
9 0.811791
10 0.915177
Recall
0 0.989836
1 0.979377
2 0.927909
3 0.894507
4 0.84836
5 0.811136
6 0.974833
7 0.88682
8 0.900606
9 0.903033
10 0.911642
F1-Score
0 0.928963
1 0.968665
2 0.943666
3 0.886264
4 0.901227
5 0.879936
6 0.954313
7 0.921651
8 0.873244
9 0.854727
10 0.911266
Hitrate
0 0.9132
MatConf 
|489 1 0 0 0 0 2 0 1 1 |
|0 546 1 1 0 0 5 0 4 1 |
|12 5 505 2 2 0 1 5 12 1 |
|8 3 8 429 0 8 1 1 19 3 |
|7 1 1 1 405 0 7 2 0 53 |
|12 1 0 24 1 380 10 0 33 8 |
|9 0 0 0 2 1 503 0 1 0 |
|4 4 10 3 3 0 1 448 1 32 |
|8 4 1 22 0 3 8 1 429 1 |
|10 4 0 6 8 3 0 10 5 432 |
