Presicion:
0 0.818447
1 0.928555
2 0.909864
3 0.902504
4 0.867233
5 0.949754
6 0.874045
7 0.95212
8 0.698093
9 0.653381
Promedio Presicion:
0.8554
Recall:
0 0.991379
1 0.940419
2 0.845787
3 0.883631
4 0.705049
5 0.582066
6 0.90778
7 0.779091
8 0.898672
9 0.822585
Promedio Recall:
0.835646
F1-Score:
0 0.893276
1 0.933679
2 0.876111
3 0.8913
4 0.775947
5 0.716776
6 0.888337
7 0.855889
8 0.780699
9 0.724588
Promedio F1-Score:
0.83366
Hitrate:
Promedio Hitrate:
0.837
MatConf: 
[106,0,0,0,0,0,1,0,0,0,]
[0,90,2,0,0,0,1,0,3,0,]
[4,2,105,0,0,0,1,2,10,0,]
[1,0,1,80,0,2,0,0,5,1,]
[1,0,1,0,72,0,3,1,1,23,]
[6,1,0,6,2,52,5,0,12,5,]
[6,1,1,0,1,0,87,0,1,0,]
[1,3,4,0,0,0,1,82,2,12,]
[2,1,0,3,0,1,1,0,83,2,]
[4,0,1,0,8,0,0,1,3,80,]
Presicion:
0 0.850991
1 0.945055
2 0.92259
3 0.883703
4 0.936637
5 0.98244
6 0.889271
7 0.937518
8 0.742114
9 0.719412
Promedio Presicion:
0.880973
Recall:
0 0.969107
1 0.958297
2 0.912895
3 0.814881
4 0.738589
5 0.644286
6 0.972322
7 0.848671
8 0.921084
9 0.889703
Promedio Recall:
0.866983
F1-Score:
0 0.906016
1 0.951183
2 0.917461
3 0.844559
4 0.825509
5 0.776373
6 0.92759
7 0.889559
8 0.81976
9 0.794122
Promedio F1-Score:
0.865213
Hitrate:
Promedio Hitrate:
0.8705
MatConf: 
[190,0,0,0,0,0,4,0,2,0,]
[0,208,1,0,0,0,5,0,3,0,]
[3,3,216,0,1,0,2,4,8,0,]
[3,1,6,143,0,2,1,2,13,2,]
[0,0,2,0,150,0,6,0,2,43,]
[9,2,2,13,1,121,6,0,28,5,]
[6,0,0,0,0,0,205,0,0,0,]
[3,4,5,0,1,0,1,163,0,17,]
[5,1,1,5,0,0,1,0,169,2,]
[4,1,1,0,7,0,0,5,4,176,]
Presicion:
0 0.836312
1 0.932295
2 0.954548
3 0.873018
4 0.948368
5 0.990634
6 0.903963
7 0.939897
8 0.783859
9 0.762471
Promedio Presicion:
0.892536
Recall:
0 0.990169
1 0.977312
2 0.911638
3 0.866314
4 0.801404
5 0.710717
6 0.959643
7 0.842152
8 0.886017
9 0.894374
Promedio Recall:
0.883974
F1-Score:
0 0.906364
1 0.954094
2 0.932286
3 0.868272
4 0.867295
5 0.825867
6 0.930196
7 0.887891
8 0.831468
9 0.822188
Promedio F1-Score:
0.882592
Hitrate:
Promedio Hitrate:
0.885
MatConf: 
[296,0,0,0,0,0,1,1,1,0,]
[0,334,2,0,0,0,4,0,2,0,]
[5,4,297,0,3,0,3,3,11,1,]
[6,2,3,235,0,1,1,2,17,3,]
[3,1,0,0,235,0,7,0,1,48,]
[14,4,0,23,0,204,10,0,29,4,]
[11,0,0,0,0,1,294,0,1,0,]
[5,7,6,1,3,0,1,253,2,24,]
[8,3,2,11,0,0,4,1,248,3,]
[6,3,1,0,7,0,0,9,5,259,]
Presicion:
0 0.861805
1 0.942277
2 0.952862
3 0.869133
4 0.961103
5 0.979647
6 0.902302
7 0.946426
8 0.804993
9 0.803096
Promedio Presicion:
0.902365
Recall:
0 0.987859
1 0.979181
2 0.910864
3 0.88337
4 0.82793
5 0.719106
6 0.968827
7 0.863684
8 0.916089
9 0.896742
Promedio Recall:
0.895365
F1-Score:
0 0.920326
1 0.960304
2 0.931225
3 0.87542
4 0.889144
5 0.828163
6 0.934208
7 0.902985
8 0.856395
9 0.847112
Promedio F1-Score:
0.894528
Hitrate:
Promedio Hitrate:
0.8975
MatConf: 
[395,0,0,0,0,0,3,1,1,0,]
[0,437,1,0,0,0,3,0,4,1,]
[10,5,391,1,1,0,4,5,12,1,]
[5,4,6,327,0,3,3,1,19,2,]
[2,1,2,0,322,0,10,2,1,49,]
[12,4,1,32,0,272,15,0,37,6,]
[11,0,0,0,1,0,400,0,1,0,]
[4,8,8,1,6,1,1,353,5,22,]
[8,2,1,11,1,1,4,1,351,3,]
[11,3,0,4,4,1,0,10,6,342,]
Presicion:
0 0.871662
1 0.946038
2 0.953663
3 0.870289
4 0.953256
5 0.978914
6 0.920879
7 0.97261
8 0.814467
9 0.791484
Promedio Presicion:
0.907326
Recall:
0 0.987852
1 0.977311
2 0.915138
3 0.898016
4 0.827632
5 0.762703
6 0.973356
7 0.853748
8 0.917314
9 0.901084
Promedio Recall:
0.901416
F1-Score:
0 0.925972
1 0.961206
2 0.933738
3 0.883425
4 0.885859
5 0.856751
6 0.946184
7 0.908933
8 0.8623
9 0.842287
Promedio F1-Score:
0.900666
Hitrate:
Promedio Hitrate:
0.9028
MatConf: 
[488,0,0,0,0,0,3,0,2,1,]
[0,545,2,1,0,0,5,0,4,1,]
[12,5,498,3,2,0,4,4,15,2,]
[6,3,7,431,0,5,2,1,20,5,]
[3,1,1,0,395,0,12,1,4,60,]
[15,4,1,34,0,357,12,0,38,8,]
[11,0,0,0,1,0,502,0,2,0,]
[4,11,10,3,5,0,1,430,5,37,]
[11,4,2,17,1,1,4,0,437,0,]
[10,3,1,6,10,2,0,6,9,431,]
Presicion:
0 0.889436
1 0.955293
2 0.953895
3 0.888197
4 0.950017
5 0.981473
6 0.915708
7 0.963137
8 0.838218
9 0.797648
Promedio Presicion:
0.913302
Recall:
0 0.988134
1 0.981805
2 0.922675
3 0.907824
4 0.820432
5 0.775344
6 0.975492
7 0.883092
8 0.919752
9 0.900358
Promedio Recall:
0.907491
F1-Score:
0 0.936164
1 0.968353
2 0.937856
3 0.897362
4 0.880051
5 0.865919
6 0.944593
7 0.921232
8 0.877047
9 0.845686
Promedio F1-Score:
0.907426
Hitrate:
Promedio Hitrate:
0.9095
MatConf: 
[585,0,0,0,0,0,4,0,2,1,]
[0,642,1,1,0,0,6,0,3,1,]
[13,6,604,3,2,0,3,7,16,2,]
[5,3,9,529,0,3,4,2,25,3,]
[3,1,1,0,473,0,14,2,6,76,]
[18,6,1,38,3,421,17,0,31,9,]
[11,0,0,0,1,0,599,0,3,0,]
[5,7,12,1,6,0,1,550,3,38,]
[7,5,2,18,1,4,5,0,527,4,]
[11,2,3,5,12,1,1,10,13,527,]
Presicion:
0 0.883926
1 0.954775
2 0.957766
3 0.893907
4 0.960034
5 0.988389
6 0.929707
7 0.963002
8 0.834807
9 0.803619
Promedio Presicion:
0.916993
Recall:
0 0.985743
1 0.978054
2 0.918273
3 0.90939
4 0.832506
5 0.810617
6 0.967043
7 0.876618
8 0.921837
9 0.908532
Promedio Recall:
0.910861
F1-Score:
0 0.931957
1 0.966248
2 0.937544
3 0.900928
4 0.891447
5 0.890547
6 0.947799
7 0.917517
8 0.875847
9 0.85267
Promedio F1-Score:
0.91125
Hitrate:
Promedio Hitrate:
0.912571
MatConf: 
[679,0,0,0,0,0,4,0,5,1,]
[0,762,1,2,0,0,7,0,5,2,]
[14,8,689,4,3,0,6,9,16,2,]
[6,4,8,620,0,4,5,2,30,3,]
[5,3,2,0,557,0,9,2,5,86,]
[20,4,0,35,1,510,15,0,35,10,]
[17,0,1,0,1,0,674,0,4,0,]
[6,9,13,2,5,0,1,645,7,48,]
[9,6,4,22,2,1,3,1,614,4,]
[12,2,1,8,11,1,1,11,16,638,]
Presicion:
0 0.88995
1 0.950245
2 0.955281
3 0.885282
4 0.964855
5 0.98707
6 0.9326
7 0.960601
8 0.839673
9 0.815914
Promedio Presicion:
0.918147
Recall:
0 0.984896
1 0.977573
2 0.91838
3 0.905114
4 0.825774
5 0.820511
6 0.967048
7 0.883987
8 0.9278
9 0.914068
Promedio Recall:
0.912515
F1-Score:
0 0.934885
1 0.963674
2 0.936267
3 0.89495
4 0.889758
5 0.895843
6 0.949485
7 0.920551
8 0.881197
9 0.862077
Promedio F1-Score:
0.912869
Hitrate:
Promedio Hitrate:
0.914
MatConf: 
[781,0,0,0,0,0,5,0,6,1,]
[0,871,1,3,0,0,8,0,6,2,]
[17,7,769,5,5,0,4,10,19,2,]
[10,5,11,721,0,3,6,1,33,7,]
[5,6,2,0,638,0,16,4,8,94,]
[21,5,0,44,0,595,10,0,40,10,]
[17,1,0,0,2,3,767,0,3,0,]
[7,13,16,3,5,0,1,737,6,46,]
[8,7,2,27,0,2,4,3,706,2,]
[12,2,3,11,11,0,1,12,16,727,]
Presicion:
0 0.882568
1 0.956835
2 0.958455
3 0.883102
4 0.970365
5 0.984262
6 0.935687
7 0.966596
8 0.840204
9 0.806237
Promedio Presicion:
0.918431
Recall:
0 0.987672
1 0.979908
2 0.91289
3 0.908343
4 0.830023
5 0.819836
6 0.965418
7 0.875762
8 0.922364
9 0.922047
Promedio Recall:
0.912426
F1-Score:
0 0.932023
1 0.96818
2 0.93496
3 0.895126
4 0.894479
5 0.894306
6 0.950306
7 0.918741
8 0.879258
9 0.860119
Promedio F1-Score:
0.91275
Hitrate:
Promedio Hitrate:
0.913667
MatConf: 
[888,0,0,0,1,0,3,0,6,1,]
[0,973,2,4,0,0,7,0,4,3,]
[21,8,855,8,6,0,5,9,23,2,]
[14,6,10,816,0,6,5,2,33,8,]
[5,6,3,1,730,0,18,3,9,105,]
[25,5,0,47,0,667,14,1,45,10,]
[21,1,0,0,2,4,861,0,3,0,]
[7,9,17,3,3,0,1,819,8,68,]
[13,7,2,33,0,1,4,3,783,3,]
[13,2,2,12,10,0,2,10,19,831,]
Presicion:
0 0.887773
1 0.954564
2 0.96219
3 0.90396
4 0.97285
5 0.983473
6 0.937269
7 0.967295
8 0.854414
9 0.804445
Promedio Presicion:
0.922823
Recall:
0 0.988977
1 0.980129
2 0.915736
3 0.920418
4 0.821598
5 0.838872
6 0.972244
7 0.885835
8 0.930736
9 0.917578
Promedio Recall:
0.917212
F1-Score:
0 0.935506
1 0.967072
2 0.938329
3 0.911999
4 0.890336
5 0.905013
6 0.954403
7 0.924724
8 0.890711
9 0.857111
Promedio F1-Score:
0.91752
Hitrate:
Promedio Hitrate:
0.9184
MatConf: 
[980,0,0,0,0,0,4,0,6,1,]
[0,1073,2,3,0,0,9,0,5,3,]
[25,9,957,7,4,0,7,10,24,2,]
[10,6,11,928,0,4,4,2,35,9,]
[7,7,2,1,794,0,20,3,9,124,]
[24,6,0,44,0,759,14,1,43,15,]
[17,1,0,0,2,4,975,0,4,0,]
[8,11,19,4,2,0,1,920,8,66,]
[15,8,2,27,0,5,4,2,884,3,]
[18,3,1,12,14,0,2,13,18,914,]
Presicion:
0 0.8987
1 0.958447
2 0.958821
3 0.905905
4 0.974585
5 0.97933
6 0.93851
7 0.969944
8 0.839101
9 0.811421
Promedio Presicion:
0.923476
Recall:
0 0.988058
1 0.980401
2 0.926616
3 0.910726
4 0.826639
5 0.844019
6 0.978396
7 0.881982
8 0.924626
9 0.924157
Promedio Recall:
0.918562
F1-Score:
0 0.941225
1 0.969265
2 0.942389
3 0.907931
4 0.894407
5 0.906456
6 0.958022
7 0.923832
8 0.879697
9 0.864064
Promedio F1-Score:
0.918729
Hitrate:
Promedio Hitrate:
0.919727
MatConf: 
[1063,0,0,0,0,0,3,0,8,2,]
[0,1194,4,3,0,0,9,0,5,3,]
[26,8,1062,7,4,0,4,12,22,1,]
[9,5,13,1007,0,8,6,2,50,7,]
[7,9,4,1,883,0,23,3,12,126,]
[24,6,0,49,0,853,16,0,51,13,]
[14,0,0,0,2,4,1089,0,4,0,]
[8,11,22,3,5,0,0,1003,12,73,]
[14,10,2,33,0,5,8,1,965,6,]
[18,3,0,9,12,1,2,13,23,998,]
Presicion:
0 0.904452
1 0.961293
2 0.960901
3 0.91864
4 0.980767
5 0.981019
6 0.938713
7 0.966433
8 0.826312
9 0.812278
Promedio Presicion:
0.925081
Recall:
0 0.988164
1 0.980528
2 0.92187
3 0.910403
4 0.826315
5 0.848037
6 0.975326
7 0.883949
8 0.932812
9 0.929586
Promedio Recall:
0.919699
F1-Score:
0 0.944441
1 0.970743
2 0.940668
3 0.91438
4 0.896847
5 0.909516
6 0.956612
7 0.92327
8 0.875964
9 0.866825
Promedio F1-Score:
0.919927
Hitrate:
Promedio Hitrate:
0.920833
MatConf: 
[1157,0,0,1,0,0,5,0,7,1,]
[0,1322,4,4,0,0,8,0,7,3,]
[24,7,1145,8,4,0,8,14,31,2,]
[9,5,14,1104,0,7,6,4,58,6,]
[9,10,2,0,958,0,23,3,14,140,]
[25,4,0,45,0,936,19,0,62,14,]
[18,1,0,0,1,5,1184,0,5,0,]
[6,14,22,4,4,0,0,1090,13,80,]
[14,9,3,29,2,5,7,3,1065,5,]
[17,4,1,7,8,1,1,14,30,1089,]
Presicion:
0 0.900445
1 0.966256
2 0.967738
3 0.919986
4 0.987674
5 0.98545
6 0.945321
7 0.970865
8 0.832593
9 0.802764
Promedio Presicion:
0.927909
Recall:
0 0.988209
1 0.979889
2 0.91943
3 0.916599
4 0.820597
5 0.853589
6 0.974858
7 0.88964
8 0.940557
9 0.936456
Promedio Recall:
0.921982
F1-Score:
0 0.942283
1 0.972993
2 0.942847
3 0.91828
4 0.89626
5 0.914605
6 0.95984
7 0.928357
8 0.883165
9 0.864325
Promedio F1-Score:
0.922296
Hitrate:
Promedio Hitrate:
0.923077
MatConf: 
[1259,0,1,1,0,1,4,0,7,1,]
[0,1426,5,5,0,0,9,0,7,3,]
[33,6,1222,10,4,0,8,11,32,3,]
[10,4,12,1204,0,6,5,5,60,8,]
[9,10,1,0,1042,0,24,3,16,165,]
[26,3,0,47,1,1012,18,2,63,15,]
[19,2,0,0,1,4,1279,0,7,0,]
[6,13,19,3,1,0,0,1198,16,90,]
[17,8,2,28,1,4,5,2,1169,7,]
[19,4,0,11,5,0,1,13,28,1189,]
Presicion:
0 0.899279
1 0.955983
2 0.96609
3 0.911218
4 0.982048
5 0.983857
6 0.948382
7 0.973104
8 0.838983
9 0.80537
Promedio Presicion:
0.926431
Recall:
0 0.988245
1 0.981632
2 0.912766
3 0.914977
4 0.833229
5 0.84885
6 0.970049
7 0.889613
8 0.937302
9 0.929201
Promedio Recall:
0.920586
F1-Score:
0 0.941639
1 0.968575
2 0.938638
3 0.91303
4 0.901413
5 0.911233
6 0.959093
7 0.929412
8 0.885222
9 0.862828
Promedio F1-Score:
0.921108
Hitrate:
Promedio Hitrate:
0.921857
MatConf: 
[1355,0,0,2,0,1,4,0,7,2,]
[0,1546,6,4,0,0,9,0,6,4,]
[32,11,1303,10,4,0,10,13,40,4,]
[12,6,14,1290,0,8,6,3,65,6,]
[12,10,1,0,1140,0,21,3,12,169,]
[29,6,0,59,0,1083,18,1,63,17,]
[25,3,0,0,2,6,1357,0,6,0,]
[7,17,21,2,3,0,0,1303,12,99,]
[15,14,3,36,1,1,5,3,1259,6,]
[20,4,0,14,11,2,1,13,32,1270,]
Presicion:
0 0.900007
1 0.958225
2 0.965052
3 0.917426
4 0.982576
5 0.983684
6 0.950625
7 0.975098
8 0.832979
9 0.809358
Promedio Presicion:
0.927503
Recall:
0 0.987548
1 0.981268
2 0.918127
3 0.910051
4 0.833248
5 0.847763
6 0.972607
7 0.885734
8 0.94394
9 0.933884
Promedio Recall:
0.921417
F1-Score:
0 0.941675
1 0.969527
2 0.94098
3 0.913695
4 0.901708
5 0.910584
6 0.96147
7 0.928253
8 0.884852
9 0.86711
Promedio F1-Score:
0.921985
Hitrate:
Promedio Hitrate:
0.9226
MatConf: 
[1431,0,0,2,0,1,4,0,9,2,]
[0,1670,7,4,1,0,9,0,7,4,]
[36,6,1391,9,5,0,8,13,43,3,]
[14,8,15,1390,0,11,6,4,72,7,]
[11,13,3,0,1230,0,23,3,14,179,]
[29,6,2,58,0,1150,18,0,75,20,]
[25,3,0,0,2,5,1449,0,6,0,]
[11,15,20,4,6,0,0,1373,15,106,]
[14,17,2,32,1,1,6,1,1367,7,]
[19,5,1,16,7,1,1,14,34,1388,]
Presicion:
0 0.911837
1 0.962216
2 0.96717
3 0.919796
4 0.983782
5 0.979901
6 0.951073
7 0.976034
8 0.827618
9 0.810163
Promedio Presicion:
0.928959
Recall:
0 0.989566
1 0.982282
2 0.919688
3 0.911323
4 0.835288
5 0.844074
6 0.974275
7 0.889819
8 0.953915
9 0.93073
Promedio Recall:
0.923096
F1-Score:
0 0.949087
1 0.972112
2 0.942824
3 0.915539
4 0.903464
5 0.906832
6 0.962516
7 0.930909
8 0.886192
9 0.866266
Promedio F1-Score:
0.923574
Hitrate:
Promedio Hitrate:
0.924188
MatConf: 
[1519,0,0,1,0,1,3,0,9,2,]
[0,1782,7,4,0,0,9,0,8,4,]
[36,7,1480,9,5,0,10,15,43,4,]
[15,9,17,1490,0,14,7,4,72,7,]
[9,12,3,0,1313,0,24,3,20,188,]
[27,5,0,66,1,1230,20,0,86,23,]
[21,3,0,0,2,5,1553,0,10,0,]
[10,14,20,5,5,0,0,1471,16,112,]
[11,16,2,27,1,3,5,0,1471,6,]
[18,4,1,18,8,2,2,14,43,1478,]
Presicion:
0 0.910425
1 0.962515
2 0.968465
3 0.92659
4 0.983308
5 0.984211
6 0.949034
7 0.97439
8 0.829849
9 0.811671
Promedio Presicion:
0.930046
Recall:
0 0.988306
1 0.983741
2 0.92016
3 0.91217
4 0.839461
5 0.848123
6 0.975468
7 0.889882
8 0.95648
9 0.929424
Promedio Recall:
0.924321
F1-Score:
0 0.947722
1 0.973003
2 0.943617
3 0.919215
4 0.905687
5 0.911023
6 0.962065
7 0.930179
8 0.88863
9 0.866534
Promedio F1-Score:
0.924768
Hitrate:
Promedio Hitrate:
0.925353
MatConf: 
[1606,0,1,1,0,1,4,0,11,1,]
[0,1901,6,4,0,0,10,0,7,4,]
[35,7,1572,10,5,0,12,16,47,4,]
[14,8,19,1585,0,12,7,4,80,9,]
[14,12,1,0,1412,0,23,5,21,194,]
[30,5,0,66,1,1305,24,0,81,28,]
[23,3,0,0,2,4,1656,0,10,0,]
[11,18,19,3,5,0,0,1559,20,117,]
[13,17,2,21,2,3,6,0,1565,7,]
[18,4,3,21,9,1,3,16,44,1570,]
Presicion:
0 0.907664
1 0.963744
2 0.968772
3 0.928979
4 0.9829
5 0.982206
6 0.947739
7 0.973511
8 0.827897
9 0.8169
Promedio Presicion:
0.930031
Recall:
0 0.989643
1 0.984044
2 0.918161
3 0.909302
4 0.84444
5 0.845553
6 0.97628
7 0.89382
8 0.95645
9 0.929402
Promedio Recall:
0.924709
F1-Score:
0 0.946819
1 0.973767
2 0.942715
3 0.918971
4 0.908397
5 0.908618
6 0.961791
7 0.93187
8 0.887456
9 0.8694
Promedio F1-Score:
0.92498
Hitrate:
Promedio Hitrate:
0.925611
MatConf: 
[1705,0,0,0,0,1,4,0,11,2,]
[0,1992,6,4,0,0,10,0,8,4,]
[37,6,1655,9,5,0,10,19,55,6,]
[21,6,21,1709,0,15,8,6,85,9,]
[13,12,3,0,1498,0,26,4,20,198,]
[36,6,0,71,2,1380,26,0,86,26,]
[23,4,0,0,2,5,1760,0,9,0,]
[13,16,19,5,6,0,0,1659,21,118,]
[11,19,1,23,1,3,9,0,1646,8,]
[19,6,3,19,10,1,4,16,48,1657,]
Presicion:
0 0.910232
1 0.963042
2 0.966454
3 0.933005
4 0.982613
5 0.980651
6 0.9486
7 0.976479
8 0.834301
9 0.817409
Promedio Presicion:
0.931278
Recall:
0 0.989218
1 0.984487
2 0.91898
3 0.912619
4 0.840436
5 0.85631
6 0.975813
7 0.892111
8 0.954562
9 0.934649
Promedio Recall:
0.925919
F1-Score:
0 0.948069
1 0.973622
2 0.941993
3 0.922688
4 0.905817
5 0.914201
6 0.962004
7 0.93227
8 0.890305
9 0.872052
Promedio F1-Score:
0.926302
Hitrate:
Promedio Hitrate:
0.926842
MatConf: 
[1824,0,0,0,0,1,4,0,13,2,]
[0,2104,7,4,1,0,10,0,7,4,]
[40,6,1739,12,7,0,12,18,55,3,]
[18,7,23,1804,0,17,9,6,83,10,]
[17,13,3,0,1572,0,27,4,22,213,]
[34,5,0,67,3,1474,26,0,85,28,]
[26,4,0,0,1,5,1847,0,10,0,]
[12,22,23,4,5,1,0,1746,19,126,]
[13,20,2,27,2,3,8,0,1741,8,]
[20,4,2,15,9,2,4,14,53,1759,]
Presicion:
0 0.91014
1 0.964886
2 0.966961
3 0.929043
4 0.98136
5 0.980191
6 0.95312
7 0.976842
8 0.836906
9 0.825207
Promedio Presicion:
0.932466
Recall:
0 0.990218
1 0.984498
2 0.926605
3 0.914884
4 0.84736
5 0.858236
6 0.973835
7 0.894921
8 0.953978
9 0.931118
Promedio Recall:
0.927566
F1-Score:
0 0.948483
1 0.974577
2 0.946306
3 0.921892
4 0.909368
5 0.915064
6 0.963362
7 0.933986
8 0.891537
9 0.87492
Promedio F1-Score:
0.927949
Hitrate:
Promedio Hitrate:
0.9286
MatConf: 
[1913,0,1,1,0,1,2,0,13,1,]
[0,2231,8,5,1,0,9,1,7,4,]
[37,6,1863,11,7,0,14,17,52,3,]
[22,8,19,1903,0,19,6,6,87,10,]
[14,15,3,0,1670,0,26,4,27,212,]
[35,5,1,71,3,1539,26,0,88,26,]
[30,4,0,0,2,6,1930,0,10,0,]
[14,22,25,5,6,1,0,1852,18,127,]
[13,18,3,34,2,1,8,1,1827,8,]
[24,3,3,18,11,3,4,15,55,1844,]
