Presicion:
0 0.721508
1 0.972222
2 0.866625
3 0.894712
4 0.950216
5 0.961735
6 0.863255
7 0.887523
8 0.635953
9 0.694423
Promedio Presicion:
0.844817
Recall:
0 0.993506
1 0.929875
2 0.842232
3 0.849496
4 0.669853
5 0.48108
6 0.89868
7 0.747719
8 0.941692
9 0.808184
Promedio Recall:
0.816232
F1-Score:
0 0.829434
1 0.949889
2 0.852198
3 0.863003
4 0.781507
5 0.630956
6 0.877571
7 0.805684
8 0.750192
9 0.738945
Promedio F1-Score:
0.807938
Hitrate:
Promedio Hitrate:
0.813883
MatConf: 
[106,0,0,0,0,0,1,0,0,0,]
[0,89,2,0,0,0,1,0,4,0,]
[6,0,103,0,0,0,2,2,9,0,]
[3,0,1,75,0,2,0,1,8,0,]
[2,0,5,0,67,0,3,1,4,19,]
[12,1,0,8,1,42,4,0,17,3,]
[10,0,0,0,0,0,85,0,1,0,]
[3,2,3,0,0,0,1,78,5,13,]
[2,0,1,1,0,0,1,0,87,1,]
[4,0,4,0,2,0,1,4,4,77,]
Presicion:
0 0.747168
1 0.96119
2 0.927791
3 0.883954
4 0.934976
5 0.967818
6 0.865528
7 0.934614
8 0.609157
9 0.737446
Promedio Presicion:
0.856964
Recall:
0 0.985726
1 0.937724
2 0.910452
3 0.771747
4 0.725764
5 0.456755
6 0.952846
7 0.817406
8 0.919506
9 0.823771
Promedio Recall:
0.83017
F1-Score:
0 0.842692
1 0.948627
2 0.918392
3 0.819937
4 0.814631
5 0.615207
6 0.905759
7 0.870671
8 0.730308
9 0.77593
Promedio F1-Score:
0.824215
Hitrate:
Promedio Hitrate:
0.833083
MatConf: 
[193,0,0,0,0,0,1,0,2,0,]
[0,203,2,0,0,0,5,0,7,0,]
[6,0,215,0,1,0,2,4,9,0,]
[8,1,4,134,0,2,1,1,21,1,]
[7,1,1,0,145,0,8,1,4,35,]
[21,2,1,12,2,83,10,0,50,3,]
[8,0,0,0,0,0,201,0,2,0,]
[4,2,6,0,2,0,1,156,3,19,]
[6,0,2,5,0,0,1,0,169,1,]
[6,2,1,1,6,1,2,5,11,163,]
Presicion:
0 0.739443
1 0.961549
2 0.916444
3 0.843911
4 0.946965
5 0.980751
6 0.869621
7 0.950072
8 0.680887
9 0.732681
Promedio Presicion:
0.862232
Recall:
0 0.996429
1 0.956749
2 0.907423
3 0.840446
4 0.705593
5 0.543011
6 0.923219
7 0.806777
8 0.895461
9 0.853659
Promedio Recall:
0.842877
F1-Score:
0 0.84625
1 0.95875
2 0.910594
3 0.839076
4 0.806342
5 0.695885
6 0.894888
7 0.871171
8 0.770347
9 0.787104
Promedio F1-Score:
0.838041
Hitrate:
Promedio Hitrate:
0.844459
MatConf: 
[298,0,1,0,0,0,0,0,0,0,]
[0,327,2,0,0,0,5,0,8,0,]
[11,0,294,0,2,0,4,3,10,1,]
[12,2,3,226,0,1,1,1,19,3,]
[10,1,1,0,207,0,13,0,8,55,]
[27,3,2,32,1,154,13,0,51,5,]
[20,0,0,0,0,1,284,0,2,0,]
[8,4,10,0,4,0,2,242,5,27,]
[10,1,4,10,0,0,3,1,250,1,]
[8,2,3,1,5,1,1,7,14,248,]
Presicion:
0 0.774128
1 0.972317
2 0.93716
3 0.852952
4 0.943695
5 0.986988
6 0.867248
7 0.955925
8 0.710129
9 0.761996
Promedio Presicion:
0.876254
Recall:
0 0.98985
1 0.964534
2 0.904732
3 0.844303
4 0.72079
5 0.569029
6 0.964308
7 0.852159
8 0.928212
9 0.851139
Promedio Recall:
0.858906
F1-Score:
0 0.867922
1 0.968147
2 0.92024
3 0.84559
4 0.813517
5 0.71756
6 0.912534
7 0.898424
8 0.802758
9 0.800911
Promedio F1-Score:
0.85476
Hitrate:
Promedio Hitrate:
0.860896
MatConf: 
[396,0,1,0,0,0,1,0,2,0,]
[0,430,2,0,0,0,5,0,8,1,]
[15,3,388,2,1,0,5,3,12,1,]
[13,2,6,312,0,2,2,2,30,1,]
[9,1,3,0,278,0,21,2,6,68,]
[33,2,1,35,1,215,17,0,68,7,]
[14,0,0,0,0,0,396,0,1,0,]
[9,3,11,3,4,1,2,345,6,25,]
[9,0,1,10,0,0,6,0,356,1,]
[14,1,2,5,11,0,2,9,12,325,]
Presicion:
0 0.802774
1 0.972073
2 0.925579
3 0.83827
4 0.96131
5 0.984131
6 0.885015
7 0.970077
8 0.730058
9 0.780717
Promedio Presicion:
0.885001
Recall:
0 0.985493
1 0.970265
2 0.908204
3 0.876006
4 0.759774
5 0.624841
6 0.962442
7 0.837997
8 0.90936
9 0.86743
Promedio Recall:
0.870181
F1-Score:
0 0.88408
1 0.971078
2 0.916442
3 0.855249
4 0.848341
5 0.763167
6 0.921294
7 0.898505
8 0.808866
9 0.821002
Promedio F1-Score:
0.868802
Hitrate:
Promedio Hitrate:
0.873149
MatConf: 
[487,0,1,0,0,0,1,0,5,0,]
[0,541,3,1,0,0,5,0,8,0,]
[18,2,494,0,1,0,8,3,18,1,]
[13,2,7,421,0,4,2,2,28,1,]
[6,1,3,0,362,0,22,2,9,72,]
[32,3,3,46,1,293,17,0,66,8,]
[17,0,0,0,1,0,496,0,2,0,]
[8,5,17,4,4,0,1,422,8,36,]
[12,0,3,21,0,0,7,0,434,0,]
[14,2,3,8,8,1,2,6,19,414,]
Presicion:
0 0.825445
1 0.971517
2 0.934817
3 0.849285
4 0.971197
5 0.979602
6 0.883169
7 0.975379
8 0.749909
9 0.783665
Promedio Presicion:
0.892399
Recall:
0 0.991531
1 0.971414
2 0.916827
3 0.897355
4 0.760661
5 0.654556
6 0.959794
7 0.851113
8 0.913177
9 0.874749
Promedio Recall:
0.879118
F1-Score:
0 0.900441
1 0.971328
2 0.925177
3 0.871617
4 0.851851
5 0.783479
6 0.919382
7 0.908659
8 0.822112
9 0.826021
Promedio F1-Score:
0.878007
Hitrate:
Promedio Hitrate:
0.882147
MatConf: 
[586,0,0,0,0,0,2,0,2,1,]
[0,635,3,1,0,0,6,0,9,0,]
[20,3,601,2,1,0,7,4,17,1,]
[10,2,8,524,0,4,4,2,29,0,]
[7,1,2,0,437,0,23,2,17,87,]
[31,4,1,54,3,355,25,0,63,8,]
[20,0,0,0,1,0,589,0,4,0,]
[8,4,21,3,1,0,1,529,12,44,]
[11,1,3,24,0,2,8,0,523,1,]
[17,3,4,8,7,2,2,5,24,513,]
Presicion:
0 0.80346
1 0.969216
2 0.939198
3 0.86866
4 0.965634
5 0.981624
6 0.908588
7 0.968858
8 0.736459
9 0.782971
Promedio Presicion:
0.892467
Recall:
0 0.989717
1 0.970211
2 0.915954
3 0.872958
4 0.767666
5 0.658029
6 0.953349
7 0.847991
8 0.933956
9 0.871117
Promedio Recall:
0.878095
F1-Score:
0 0.886604
1 0.96968
2 0.927238
3 0.870335
4 0.854566
5 0.786898
6 0.930247
7 0.904249
8 0.823222
9 0.82428
Promedio F1-Score:
0.877732
Hitrate:
Promedio Hitrate:
0.881286
MatConf: 
[682,0,0,0,0,0,2,0,5,0,]
[0,756,5,2,0,0,6,0,9,1,]
[24,3,687,3,3,0,4,5,20,2,]
[17,3,8,596,0,3,5,2,46,2,]
[10,3,3,0,513,0,19,1,19,101,]
[48,4,1,53,2,414,20,0,75,13,]
[28,0,0,0,1,0,664,0,4,0,]
[12,6,22,4,3,0,2,623,15,49,]
[12,2,2,18,0,3,6,0,622,1,]
[17,3,4,9,9,2,2,12,31,612,]
Presicion:
0 0.816517
1 0.97094
2 0.931652
3 0.868481
4 0.967554
5 0.988421
6 0.906095
7 0.973844
8 0.758325
9 0.797632
Promedio Presicion:
0.897946
Recall:
0 0.986281
1 0.968704
2 0.912452
3 0.895168
4 0.763689
5 0.705536
6 0.956366
7 0.85592
8 0.933071
9 0.879663
Promedio Recall:
0.885685
F1-Score:
0 0.893243
1 0.969775
2 0.92167
3 0.881253
4 0.852268
5 0.822634
6 0.930387
7 0.910439
8 0.835973
9 0.836041
Promedio F1-Score:
0.885368
Hitrate:
Promedio Hitrate:
0.887791
MatConf: 
[781,0,0,0,0,0,4,0,6,1,]
[0,863,5,4,0,0,8,0,9,2,]
[30,3,762,4,4,0,7,4,22,0,]
[16,4,11,713,0,2,5,1,41,3,]
[12,4,4,0,589,0,28,2,20,114,]
[47,4,1,56,2,509,18,0,77,9,]
[26,0,0,0,2,2,758,0,5,0,]
[15,7,27,6,3,0,2,712,13,49,]
[11,1,3,29,0,1,4,1,710,1,]
[19,3,4,9,9,1,2,11,37,700,]
Presicion:
0 0.790183
1 0.979593
2 0.93895
3 0.866379
4 0.974993
5 0.984884
6 0.926106
7 0.969462
8 0.737611
9 0.781967
Promedio Presicion:
0.895013
Recall:
0 0.988742
1 0.967968
2 0.907007
3 0.879781
4 0.76322
5 0.698411
6 0.942882
7 0.843086
8 0.932499
9 0.882063
Promedio Recall:
0.880566
F1-Score:
0 0.877995
1 0.973718
2 0.922221
3 0.87229
4 0.855408
5 0.816169
6 0.934224
7 0.901571
8 0.82319
9 0.828504
Promedio F1-Score:
0.880529
Hitrate:
Promedio Hitrate:
0.882713
MatConf: 
[888,0,0,0,0,0,3,0,6,1,]
[2,961,6,4,0,0,6,0,11,3,]
[39,3,848,9,5,0,4,5,22,2,]
[23,3,10,791,0,5,4,1,58,5,]
[23,4,2,1,672,0,22,2,27,127,]
[56,3,2,66,2,568,21,0,82,14,]
[41,0,0,0,2,1,841,0,7,0,]
[17,4,28,8,2,0,0,786,22,67,]
[14,1,3,28,0,2,5,1,792,3,]
[22,3,3,6,6,1,2,16,46,793,]
Presicion:
0 0.791337
1 0.975042
2 0.9434
3 0.870137
4 0.979853
5 0.983557
6 0.919662
7 0.966062
8 0.741077
9 0.776715
Promedio Presicion:
0.894684
Recall:
0 0.987967
1 0.970931
2 0.901952
3 0.89003
4 0.745454
5 0.697218
6 0.94867
7 0.846713
8 0.927117
9 0.877909
Promedio Recall:
0.879396
F1-Score:
0 0.878295
1 0.972919
2 0.921819
3 0.879048
4 0.845897
5 0.814934
6 0.933887
7 0.902261
8 0.823345
9 0.823982
Promedio F1-Score:
0.879639
Hitrate:
Promedio Hitrate:
0.882053
MatConf: 
[978,0,0,1,0,0,3,0,8,0,]
[1,1063,6,4,0,0,7,0,11,3,]
[44,3,941,9,4,0,8,9,25,2,]
[23,2,11,897,0,4,5,1,60,6,]
[25,4,3,1,722,0,29,3,29,150,]
[59,4,3,72,2,631,23,0,99,13,]
[41,1,0,0,2,3,951,0,5,0,]
[18,8,28,7,3,0,1,879,19,75,]
[21,2,3,32,0,3,5,1,881,2,]
[28,3,3,8,4,1,2,17,54,874,]
Presicion:
0 0.800372
1 0.979572
2 0.947115
3 0.877633
4 0.979174
5 0.986524
6 0.923148
7 0.972984
8 0.709589
9 0.777662
Promedio Presicion:
0.895377
Recall:
0 0.987803
1 0.972261
2 0.893611
3 0.879315
4 0.742069
5 0.7235
6 0.95269
7 0.853661
8 0.928246
9 0.87378
Promedio Recall:
0.880694
F1-Score:
0 0.883996
1 0.975838
2 0.919198
3 0.878024
4 0.843663
5 0.834446
6 0.937483
7 0.909196
8 0.804163
9 0.822369
Promedio F1-Score:
0.880838
Hitrate:
Promedio Hitrate:
0.882513
MatConf: 
[1062,0,0,1,0,0,3,0,9,0,]
[1,1183,6,4,0,0,7,0,13,3,]
[51,3,1022,14,4,0,8,8,35,1,]
[22,1,13,972,0,5,5,1,83,5,]
[27,6,2,0,793,0,34,3,39,164,]
[56,4,3,67,1,731,22,0,113,15,]
[42,0,0,0,2,1,1060,0,8,0,]
[18,6,28,6,2,0,0,971,27,79,]
[19,2,2,37,0,3,7,1,969,4,]
[29,3,2,7,8,1,2,14,70,942,]
Presicion:
0 0.81065
1 0.97751
2 0.960161
3 0.901258
4 0.980681
5 0.986886
6 0.927793
7 0.977429
8 0.682135
9 0.791382
Promedio Presicion:
0.899589
Recall:
0 0.989601
1 0.971983
2 0.90153
3 0.871938
4 0.748037
5 0.743317
6 0.949014
7 0.842938
8 0.945515
9 0.86706
Promedio Recall:
0.883093
F1-Score:
0 0.891154
1 0.974642
2 0.929551
3 0.885715
4 0.848245
5 0.847366
6 0.938189
7 0.904934
8 0.792311
9 0.827085
Promedio F1-Score:
0.883919
Hitrate:
Promedio Hitrate:
0.885231
MatConf: 
[1158,0,0,2,0,0,1,0,9,0,]
[1,1311,6,4,0,0,8,0,15,3,]
[44,2,1119,10,5,0,9,8,44,1,]
[25,2,11,1056,0,5,7,2,101,4,]
[28,8,2,0,867,0,34,1,61,158,]
[55,3,1,62,1,821,22,0,128,12,]
[45,1,0,0,2,5,1152,0,9,0,]
[20,8,22,7,2,0,0,1040,48,86,]
[21,2,2,26,0,0,6,0,1080,5,]
[31,4,2,5,7,1,2,13,90,1017,]
Presicion:
0 0.813809
1 0.979639
2 0.962434
3 0.902736
4 0.983103
5 0.990079
6 0.938821
7 0.971592
8 0.690067
9 0.78226
Promedio Presicion:
0.901454
Recall:
0 0.986715
1 0.971634
2 0.895418
3 0.879064
4 0.74246
5 0.745918
6 0.95045
7 0.84558
8 0.948441
9 0.886256
Promedio Recall:
0.885194
F1-Score:
0 0.89171
1 0.975516
2 0.927215
3 0.890217
4 0.845607
5 0.850399
6 0.944527
7 0.903916
8 0.798633
9 0.830605
Promedio F1-Score:
0.885835
Hitrate:
Promedio Hitrate:
0.886914
MatConf: 
[1257,0,0,0,0,0,2,0,15,0,]
[1,1414,7,5,0,0,8,0,17,3,]
[53,3,1188,14,5,0,10,12,43,1,]
[24,1,13,1154,0,5,6,1,105,5,]
[28,7,1,0,942,0,30,2,67,192,]
[57,4,2,66,1,884,19,0,142,12,]
[48,0,0,0,2,3,1247,0,12,0,]
[22,8,22,8,2,0,0,1138,49,97,]
[25,2,1,25,0,0,5,1,1179,5,]
[28,4,0,6,6,1,1,17,81,1126,]
Presicion:
0 0.80895
1 0.979566
2 0.959498
3 0.893063
4 0.983893
5 0.986564
6 0.946663
7 0.975186
8 0.69999
9 0.77686
Promedio Presicion:
0.901023
Recall:
0 0.986878
1 0.968669
2 0.892832
3 0.888304
4 0.745359
5 0.746878
6 0.944855
7 0.838682
8 0.94925
9 0.886953
Promedio Recall:
0.884866
F1-Score:
0 0.888917
1 0.973958
2 0.924797
3 0.890604
4 0.847595
5 0.849256
6 0.945619
7 0.901757
8 0.805517
9 0.827894
Promedio F1-Score:
0.885591
Hitrate:
Promedio Hitrate:
0.886571
MatConf: 
[1353,0,0,3,0,0,2,0,13,0,]
[1,1526,8,5,0,0,7,0,25,3,]
[59,3,1273,14,6,0,8,11,51,2,]
[25,1,11,1252,0,7,4,1,104,5,]
[34,8,1,0,1019,0,30,2,65,209,]
[68,4,2,79,1,952,18,0,139,13,]
[57,1,0,0,2,4,1322,0,13,0,]
[24,8,28,8,4,0,0,1228,52,112,]
[22,3,3,30,0,1,4,0,1275,5,]
[30,4,0,11,4,1,1,17,87,1212,]
Presicion:
0 0.812435
1 0.980552
2 0.964421
3 0.90406
4 0.982187
5 0.984721
6 0.943422
7 0.978085
8 0.692751
9 0.777971
Promedio Presicion:
0.90206
Recall:
0 0.986836
1 0.971143
2 0.890112
3 0.879891
4 0.74512
5 0.741031
6 0.943016
7 0.8383
8 0.957489
9 0.893677
Promedio Recall:
0.884662
F1-Score:
0 0.891031
1 0.97576
2 0.925486
3 0.891637
4 0.847176
5 0.844812
6 0.942973
7 0.902614
8 0.803497
9 0.831749
Promedio F1-Score:
0.885673
Hitrate:
Promedio Hitrate:
0.886488
MatConf: 
[1430,0,0,2,0,0,1,0,16,0,]
[1,1652,8,5,0,0,8,0,23,4,]
[64,2,1346,14,7,0,11,11,56,2,]
[28,2,11,1343,0,9,5,1,122,6,]
[32,8,1,0,1098,0,35,3,70,228,]
[68,2,2,78,1,1007,17,0,168,15,]
[62,1,0,0,2,5,1403,0,16,0,]
[26,9,25,7,4,0,0,1300,58,121,]
[21,5,1,24,1,0,5,0,1386,4,]
[30,4,1,12,5,2,2,14,88,1327,]
Presicion:
0 0.826273
1 0.980597
2 0.962833
3 0.911121
4 0.982873
5 0.982875
6 0.941133
7 0.977833
8 0.681325
9 0.789765
Promedio Presicion:
0.903663
Recall:
0 0.9889
1 0.973775
2 0.89333
3 0.8733
4 0.756285
5 0.740722
6 0.947481
7 0.842176
8 0.964223
9 0.88863
Promedio Recall:
0.886882
F1-Score:
0 0.900201
1 0.977112
2 0.926438
3 0.891633
4 0.854612
5 0.844407
6 0.944143
7 0.904619
8 0.79818
9 0.836206
Promedio F1-Score:
0.887755
Hitrate:
Promedio Hitrate:
0.888465
MatConf: 
[1518,0,0,1,0,0,2,0,14,0,]
[1,1765,8,5,0,0,9,0,21,3,]
[60,2,1436,16,8,0,10,11,63,2,]
[28,3,13,1427,0,14,8,1,136,5,]
[27,7,3,0,1187,0,35,2,88,222,]
[66,3,2,76,2,1079,24,0,188,18,]
[59,1,0,0,2,3,1509,0,19,0,]
[27,10,27,8,4,0,0,1392,62,123,]
[19,5,2,22,0,0,5,0,1487,2,]
[32,4,0,11,5,2,1,17,105,1411,]
