Iteracion: 0 Gamma: 10
Presicion:
0 0.698671
1 0.995113
2 0.863949
3 0.70798
4 0.923348
5 0.893282
6 0.851828
7 0.991585
8 0.429614
9 0.641767
Promedio Presicion:
0.799714
Recall:
0 0.968862
1 0.704235
2 0.882164
3 0.845765
4 0.532311
5 0.151975
6 0.916335
7 0.704319
8 0.901957
9 0.687588
Promedio Recall:
0.729551
F1-Score:
0 0.810951
1 0.824069
2 0.871618
3 0.767206
4 0.673441
5 0.254318
6 0.881528
7 0.821202
8 0.581326
9 0.663592
Promedio F1-Score:
0.714925
Hitrate:
Promedio Hitrate:
0.733894
MatConf: 
[479,0,2,5,0,0,5,0,3,0,]
[0,391,16,13,0,0,10,0,128,0,]
[16,0,480,10,3,1,15,1,18,1,]
[13,0,11,406,0,4,3,0,41,2,]
[14,0,4,9,254,0,24,1,42,129,]
[92,0,8,71,6,71,11,0,199,11,]
[27,0,4,0,0,0,472,0,13,0,]
[17,1,24,16,3,1,3,355,46,39,]
[9,0,4,28,0,1,4,0,431,0,]
[20,1,3,19,9,3,8,1,84,329,]
Iteracion: 1 Gamma: 20
Presicion:
0 0.698751
1 0.970524
2 0.883443
3 0.750922
4 0.909564
5 0.979951
6 0.859988
7 0.923898
8 0.617389
9 0.784687
Promedio Presicion:
0.837912
Recall:
0 0.985253
1 0.946024
2 0.895034
3 0.848446
4 0.69052
5 0.518462
6 0.935089
7 0.814348
8 0.854971
9 0.619409
Promedio Recall:
0.810756
F1-Score:
0 0.816633
1 0.957846
2 0.887925
3 0.792304
4 0.782353
5 0.677328
6 0.895209
7 0.863039
8 0.715251
9 0.689225
Promedio F1-Score:
0.807711
Hitrate:
Promedio Hitrate:
0.815526
MatConf: 
[487,0,0,1,0,0,2,0,4,0,]
[0,527,4,4,0,0,6,2,15,0,]
[24,0,486,6,2,0,12,2,12,1,]
[14,4,8,407,0,3,1,3,39,1,]
[26,0,7,6,329,0,25,9,23,52,]
[63,2,4,50,5,242,18,0,81,4,]
[27,1,0,1,1,0,482,0,4,0,]
[12,5,25,10,6,0,2,409,14,22,]
[16,0,7,36,1,0,6,2,409,0,]
[30,4,10,23,20,2,7,16,67,298,]
Iteracion: 2 Gamma: 30
Presicion:
0 0.733422
1 0.972263
2 0.917282
3 0.795076
4 0.95997
5 0.978763
6 0.894902
7 0.929111
8 0.696085
9 0.795796
Promedio Presicion:
0.867267
Recall:
0 0.989569
1 0.96522
2 0.893571
3 0.874649
4 0.747483
5 0.591324
6 0.938386
7 0.839895
8 0.895786
9 0.752194
Promedio Recall:
0.848808
F1-Score:
0 0.841663
1 0.968533
2 0.904988
3 0.830377
4 0.839303
5 0.735285
6 0.915835
7 0.88135
8 0.782111
9 0.772811
Promedio F1-Score:
0.847226
Hitrate:
Promedio Hitrate:
0.851941
MatConf: 
[489,0,0,1,0,0,1,0,3,0,]
[1,538,4,1,0,0,4,1,8,1,]
[25,1,486,4,2,0,6,5,13,3,]
[14,4,8,419,0,3,1,2,29,0,]
[23,0,2,5,355,0,20,7,11,54,]
[44,3,3,53,2,276,16,0,66,6,]
[27,0,0,1,2,0,484,0,2,0,]
[11,4,19,8,2,0,0,423,10,28,]
[11,0,3,25,0,1,7,2,428,0,]
[24,3,5,11,7,2,2,15,48,360,]
Iteracion: 3 Gamma: 40
Presicion:
0 0.75618
1 0.973771
2 0.91495
3 0.806837
4 0.949427
5 0.976583
6 0.898014
7 0.937967
8 0.737584
9 0.800337
Promedio Presicion:
0.875165
Recall:
0 0.991474
1 0.96522
2 0.899468
3 0.885225
4 0.769144
5 0.630949
6 0.940194
7 0.842965
8 0.893993
9 0.786858
Promedio Recall:
0.860549
F1-Score:
0 0.857306
1 0.969341
2 0.906705
3 0.841254
4 0.84881
5 0.765381
6 0.918322
7 0.887213
8 0.807518
9 0.791855
Promedio F1-Score:
0.859371
Hitrate:
Promedio Hitrate:
0.863746
MatConf: 
[490,0,0,0,0,0,1,0,3,0,]
[1,538,5,0,0,0,5,1,8,0,]
[23,1,489,5,3,0,5,4,12,3,]
[13,3,8,424,0,3,1,3,25,0,]
[15,0,4,3,367,0,18,6,7,57,]
[40,3,3,44,1,296,16,0,62,4,]
[24,1,0,1,2,0,485,0,3,0,]
[8,4,17,11,3,0,0,424,7,31,]
[11,0,3,28,0,1,6,1,427,0,]
[24,2,5,12,11,3,3,13,27,377,]
Iteracion: 4 Gamma: 50
Presicion:
0 0.771229
1 0.972492
2 0.924532
3 0.82445
4 0.961762
5 0.981558
6 0.90697
7 0.940494
8 0.739972
9 0.795268
Promedio Presicion:
0.881873
Recall:
0 0.993672
1 0.96522
2 0.906651
3 0.88014
4 0.77303
5 0.66431
6 0.952123
7 0.848889
8 0.881921
9 0.817517
Promedio Recall:
0.868347
F1-Score:
0 0.867763
1 0.96869
2 0.915197
3 0.84806
4 0.856224
5 0.790227
6 0.92874
7 0.890978
8 0.804238
9 0.805616
Promedio F1-Score:
0.867573
Hitrate:
Promedio Hitrate:
0.871348
MatConf: 
[491,0,0,0,0,0,1,0,2,0,]
[1,538,4,1,0,0,5,1,8,0,]
[21,1,493,5,1,0,5,4,13,2,]
[13,3,8,422,0,3,1,2,27,1,]
[18,0,3,1,369,0,13,3,7,63,]
[33,4,1,40,2,311,14,0,59,5,]
[22,0,0,0,0,1,491,0,2,0,]
[8,4,16,8,4,0,0,427,8,30,]
[13,1,4,26,0,0,9,2,422,0,]
[18,2,4,12,8,2,2,15,23,391,]
Iteracion: 5 Gamma: 60
Presicion:
0 0.775464
1 0.974135
2 0.931771
3 0.821415
4 0.967855
5 0.982481
6 0.920641
7 0.945721
8 0.757001
9 0.795182
Promedio Presicion:
0.887167
Recall:
0 0.993672
1 0.968228
2 0.911959
3 0.877316
4 0.783782
5 0.677831
6 0.950243
7 0.859915
8 0.893486
9 0.823996
Promedio Recall:
0.874043
F1-Score:
0 0.870263
1 0.971015
2 0.921514
3 0.844436
4 0.865078
5 0.799776
6 0.935044
7 0.899942
8 0.818909
9 0.808727
Promedio F1-Score:
0.87347
Hitrate:
Promedio Hitrate:
0.876951
MatConf: 
[491,0,0,0,0,0,1,0,2,0,]
[1,540,4,1,0,0,4,0,8,0,]
[19,1,496,4,1,0,5,5,11,3,]
[13,3,9,421,0,3,1,3,25,2,]
[17,1,1,1,374,0,11,2,10,60,]
[33,3,1,46,2,317,12,0,51,4,]
[23,0,0,0,1,1,490,0,1,0,]
[8,3,14,8,1,0,0,433,5,33,]
[13,1,3,25,0,0,7,1,427,0,]
[17,2,4,9,8,2,1,14,26,394,]
Iteracion: 6 Gamma: 70
Presicion:
0 0.784606
1 0.97964
2 0.929392
3 0.828736
4 0.96296
5 0.979346
6 0.926296
7 0.949841
8 0.76691
9 0.796715
Promedio Presicion:
0.890444
Recall:
0 0.993964
1 0.969889
2 0.919665
3 0.882574
4 0.781595
5 0.692108
6 0.955979
7 0.857903
8 0.896104
9 0.83435
Promedio Recall:
0.878413
F1-Score:
0 0.876397
1 0.97466
2 0.924134
3 0.85152
4 0.861905
5 0.809459
6 0.940764
7 0.900811
8 0.825838
9 0.814285
Promedio F1-Score:
0.877977
Hitrate:
Promedio Hitrate:
0.881352
MatConf: 
[491,0,0,0,0,0,1,0,2,0,]
[1,541,4,1,0,0,4,0,6,1,]
[20,0,500,4,1,0,2,5,11,2,]
[12,2,10,424,0,3,1,3,23,2,]
[16,1,3,1,373,0,12,2,7,62,]
[30,2,1,40,2,324,13,0,52,5,]
[20,0,0,0,0,1,493,0,2,0,]
[8,3,13,8,3,0,0,432,7,31,]
[12,1,3,25,0,1,6,1,428,0,]
[17,2,4,10,9,2,0,12,22,399,]
Iteracion: 7 Gamma: 80
Presicion:
0 0.78756
1 0.981471
2 0.924225
3 0.841425
4 0.96532
5 0.97432
6 0.924668
7 0.949684
8 0.769044
9 0.799526
Promedio Presicion:
0.891724
Recall:
0 0.99166
1 0.968794
2 0.919967
3 0.875516
4 0.779301
5 0.706222
6 0.955979
7 0.859833
8 0.907066
9 0.841085
Promedio Recall:
0.880542
F1-Score:
0 0.877268
1 0.975019
2 0.921757
3 0.854678
4 0.861283
5 0.817001
6 0.939913
7 0.901576
8 0.831644
9 0.819054
Promedio F1-Score:
0.879919
Hitrate:
Promedio Hitrate:
0.882953
MatConf: 
[490,0,0,0,0,0,2,0,2,0,]
[1,540,4,1,0,0,4,0,7,1,]
[19,1,500,4,1,0,2,5,11,2,]
[12,2,11,420,0,4,1,2,27,1,]
[14,1,4,0,372,0,12,2,9,63,]
[31,1,1,38,1,330,13,0,50,4,]
[20,0,0,0,1,1,493,0,1,0,]
[7,2,14,9,2,0,1,433,6,31,]
[12,1,3,20,0,2,5,1,433,0,]
[17,2,4,9,9,2,0,13,19,402,]
Iteracion: 8 Gamma: 90
Presicion:
0 0.789948
1 0.981471
2 0.930177
3 0.839756
4 0.965347
5 0.977494
6 0.926182
7 0.947383
8 0.764916
9 0.801777
Promedio Presicion:
0.892445
Recall:
0 0.99166
1 0.968794
2 0.924883
3 0.87754
4 0.785883
5 0.704087
6 0.955979
7 0.857327
8 0.901
9 0.844997
Promedio Recall:
0.881215
F1-Score:
0 0.878766
1 0.975019
2 0.927262
3 0.855166
4 0.865539
5 0.816499
6 0.940627
7 0.899326
8 0.826538
9 0.822132
Promedio F1-Score:
0.880687
Hitrate:
Promedio Hitrate:
0.883753
MatConf: 
[490,0,0,0,0,0,2,0,2,0,]
[0,540,4,1,0,0,4,0,8,1,]
[18,1,503,3,1,0,2,5,10,2,]
[12,2,10,421,0,4,1,3,26,1,]
[15,1,4,0,375,0,11,2,9,60,]
[31,1,1,38,1,329,13,0,51,4,]
[20,0,0,0,1,1,493,0,1,0,]
[7,2,14,7,2,0,1,432,7,33,]
[12,1,3,24,0,1,5,1,430,0,]
[16,2,2,9,9,2,0,13,20,404,]
Iteracion: 9 Gamma: 100
Presicion:
0 0.794082
1 0.981871
2 0.924597
3 0.837843
4 0.963246
5 0.968773
6 0.924632
7 0.956539
8 0.769956
9 0.799002
Promedio Presicion:
0.892054
Recall:
0 0.99166
1 0.970455
2 0.926436
3 0.871135
4 0.789833
5 0.699449
6 0.957743
7 0.859339
8 0.896646
9 0.845024
Promedio Recall:
0.880772
F1-Score:
0 0.881292
1 0.976081
2 0.925252
3 0.85097
4 0.867176
5 0.810349
6 0.940714
7 0.904529
8 0.827162
9 0.820642
Promedio F1-Score:
0.880417
Hitrate:
Promedio Hitrate:
0.883553
MatConf: 
[490,0,0,0,0,0,2,0,2,0,]
[0,541,4,1,0,0,4,0,7,1,]
[18,0,504,4,1,0,2,4,10,2,]
[12,2,10,418,0,5,1,1,29,2,]
[15,1,4,0,377,0,11,2,7,60,]
[28,1,1,39,1,327,15,0,52,5,]
[18,1,0,0,2,1,494,0,0,0,]
[7,2,14,8,2,0,1,433,5,33,]
[13,1,4,23,0,3,4,1,428,0,]
[17,2,4,8,9,2,0,12,19,404,]
Iteracion: 10 Gamma: 110
Presicion:
0 0.791295
1 0.975914
2 0.927641
3 0.838395
4 0.969958
5 0.968878
6 0.924706
7 0.949234
8 0.780184
9 0.796353
Promedio Presicion:
0.892256
Recall:
0 0.99166
1 0.968794
2 0.921386
3 0.875581
4 0.789733
5 0.705362
6 0.958155
7 0.851325
8 0.895986
9 0.855478
Promedio Recall:
0.881346
F1-Score:
0 0.879595
1 0.972252
2 0.924215
3 0.853261
4 0.869847
5 0.814544
6 0.940912
7 0.896811
8 0.832964
9 0.824195
Promedio F1-Score:
0.88086
Hitrate:
Promedio Hitrate:
0.883954
MatConf: 
[490,0,0,0,0,0,2,0,2,0,]
[0,540,4,1,0,0,4,0,9,0,]
[20,1,501,4,1,0,2,5,9,2,]
[12,3,9,420,0,5,1,2,26,2,]
[16,1,4,0,377,0,10,2,6,61,]
[27,1,1,40,1,330,15,0,49,5,]
[18,1,0,0,2,1,494,0,0,0,]
[7,3,15,7,1,0,1,429,6,36,]
[14,1,2,23,0,3,5,1,428,0,]
[16,2,4,8,7,2,0,13,16,409,]
Iteracion: 11 Gamma: 120
Presicion:
0 0.792281
1 0.98019
2 0.93143
3 0.839601
4 0.966767
5 0.966742
6 0.919637
7 0.951755
8 0.785477
9 0.797051
Promedio Presicion:
0.893093
Recall:
0 0.99166
1 0.968794
2 0.924581
3 0.881682
4 0.787987
5 0.705038
6 0.958155
7 0.857229
8 0.891899
9 0.85942
Promedio Recall:
0.882644
F1-Score:
0 0.880226
1 0.97441
2 0.927752
3 0.857443
4 0.867678
5 0.812994
6 0.938344
7 0.901307
8 0.834408
9 0.8264
Promedio F1-Score:
0.882096
Hitrate:
Promedio Hitrate:
0.885354
MatConf: 
[490,0,0,0,0,0,2,0,2,0,]
[0,540,4,1,0,0,4,0,9,0,]
[19,0,503,4,2,0,2,5,8,2,]
[12,2,9,423,0,5,1,2,24,2,]
[16,1,4,0,376,1,9,2,6,62,]
[26,1,1,39,1,330,17,0,48,6,]
[18,1,0,0,2,1,494,0,0,0,]
[7,3,14,8,1,0,1,432,5,34,]
[15,1,2,22,0,3,7,1,426,0,]
[16,2,3,8,7,2,0,12,16,411,]
Iteracion: 12 Gamma: 130
Presicion:
0 0.794951
1 0.977934
2 0.925814
3 0.844021
4 0.970165
5 0.975069
6 0.921344
7 0.951949
8 0.776953
9 0.805462
Promedio Presicion:
0.894366
Recall:
0 0.99166
1 0.968794
2 0.920958
3 0.884933
4 0.794094
5 0.704417
6 0.958155
7 0.85916
8 0.896115
9 0.859296
Promedio Recall:
0.883758
F1-Score:
0 0.881865
1 0.973276
2 0.923094
3 0.86095
4 0.872644
5 0.815499
6 0.939161
7 0.902263
8 0.831546
9 0.830951
Promedio F1-Score:
0.883125
Hitrate:
Promedio Hitrate:
0.886355
MatConf: 
[490,0,0,0,0,0,2,0,2,0,]
[0,540,4,1,0,0,4,0,9,0,]
[19,1,501,3,1,0,3,6,9,2,]
[11,2,10,424,0,4,1,1,26,1,]
[16,1,4,0,379,0,10,2,7,58,]
[26,1,1,39,1,330,15,0,50,6,]
[18,1,0,0,2,1,494,0,0,0,]
[7,2,15,7,1,0,1,433,6,33,]
[14,1,2,23,0,2,6,1,428,0,]
[16,3,4,7,7,2,0,12,15,411,]
Iteracion: 13 Gamma: 140
Presicion:
0 0.797326
1 0.979973
2 0.927904
3 0.847706
4 0.967248
5 0.97498
6 0.925139
7 0.949828
8 0.776968
9 0.806325
Promedio Presicion:
0.89534
Recall:
0 0.99166
1 0.968794
2 0.924883
3 0.886301
4 0.788269
5 0.705124
6 0.95994
7 0.863184
8 0.902892
9 0.859296
Promedio Recall:
0.885034
F1-Score:
0 0.883416
1 0.974276
2 0.92607
3 0.863722
4 0.868007
5 0.816159
6 0.942076
7 0.90368
8 0.834388
9 0.831522
Promedio F1-Score:
0.884332
Hitrate:
Promedio Hitrate:
0.887555
MatConf: 
[490,0,0,0,0,0,2,0,2,0,]
[0,540,4,1,0,0,4,0,9,0,]
[19,0,503,3,1,0,2,6,9,2,]
[12,2,9,425,0,4,1,2,24,1,]
[17,2,4,0,376,0,10,2,8,58,]
[27,1,1,39,1,330,14,0,50,6,]
[17,1,0,0,2,1,495,0,0,0,]
[7,1,15,6,2,0,1,435,6,32,]
[12,1,2,23,0,2,5,1,431,0,]
[14,3,4,6,7,2,1,12,17,411,]
Iteracion: 14 Gamma: 150
Presicion:
0 0.784682
1 0.97979
2 0.934748
3 0.848237
4 0.967307
5 0.974821
6 0.922932
7 0.953976
8 0.771818
9 0.802244
Promedio Presicion:
0.894056
Recall:
0 0.99166
1 0.968794
2 0.923241
3 0.888534
4 0.781583
5 0.698541
6 0.958155
7 0.861701
8 0.898496
9 0.859503
Promedio Recall:
0.883021
F1-Score:
0 0.875532
1 0.974174
2 0.92875
3 0.865139
4 0.86377
5 0.811496
6 0.940001
7 0.904571
8 0.829508
9 0.829281
Promedio F1-Score:
0.882222
Hitrate:
Promedio Hitrate:
0.885554
MatConf: 
[490,0,0,0,0,0,2,0,2,0,]
[0,540,4,1,0,0,4,0,9,0,]
[21,0,502,3,1,0,2,5,9,2,]
[13,2,7,426,0,4,1,1,25,1,]
[17,1,4,0,373,0,11,2,8,61,]
[28,1,1,38,1,327,15,0,52,6,]
[18,1,0,0,2,1,494,0,0,0,]
[7,2,15,6,1,0,1,434,7,32,]
[15,1,2,22,0,2,5,1,429,0,]
[16,3,2,7,8,2,0,12,16,411,]
Iteracion: 15 Gamma: 160
Presicion:
0 0.790874
1 0.981596
2 0.934548
3 0.838666
4 0.969711
5 0.972162
6 0.92282
7 0.949561
8 0.779067
9 0.798504
Promedio Presicion:
0.893751
Recall:
0 0.99166
1 0.968794
2 0.92126
3 0.884724
4 0.781872
5 0.70536
6 0.958155
7 0.86105
8 0.898496
9 0.859296
Promedio Recall:
0.883067
F1-Score:
0 0.879085
1 0.975083
2 0.927605
3 0.858592
4 0.864944
5 0.815437
6 0.939884
7 0.902417
8 0.833724
9 0.827356
Promedio F1-Score:
0.882413
Hitrate:
Promedio Hitrate:
0.885554
MatConf: 
[490,0,0,0,0,0,2,0,2,0,]
[0,540,4,1,0,0,4,0,9,0,]
[20,0,501,3,1,0,2,6,10,2,]
[14,2,6,424,0,5,1,2,25,1,]
[18,0,4,0,373,0,10,2,7,63,]
[24,1,1,43,1,330,16,0,48,5,]
[18,1,0,0,2,1,494,0,0,0,]
[7,2,15,6,1,0,1,434,6,33,]
[14,1,2,23,0,2,5,1,429,0,]
[16,3,3,7,7,2,0,12,16,411,]
Iteracion: 16 Gamma: 170
Presicion:
0 0.788345
1 0.978188
2 0.936598
3 0.843562
4 0.970006
5 0.971595
6 0.92117
7 0.949404
8 0.776422
9 0.800078
Promedio Presicion:
0.893537
Recall:
0 0.99166
1 0.968794
2 0.92333
3 0.884183
4 0.783941
5 0.693289
6 0.958155
7 0.857182
8 0.900728
9 0.864516
Promedio Recall:
0.882578
F1-Score:
0 0.877566
1 0.973377
2 0.929602
3 0.861025
4 0.866468
5 0.807193
6 0.939044
7 0.900171
8 0.833209
9 0.830667
Promedio F1-Score:
0.881832
Hitrate:
Promedio Hitrate:
0.884954
MatConf: 
[490,0,0,0,0,0,2,0,2,0,]
[0,540,4,1,0,0,4,0,9,0,]
[19,0,502,3,1,0,2,6,10,2,]
[14,2,6,424,0,5,1,2,25,1,]
[19,1,3,0,374,0,10,2,7,61,]
[26,1,1,41,0,324,17,0,53,6,]
[18,1,0,0,2,1,494,0,0,0,]
[7,3,15,6,1,0,1,432,6,34,]
[14,1,2,22,0,2,5,1,430,0,]
[16,3,3,7,8,2,0,12,13,413,]
Iteracion: 17 Gamma: 180
Presicion:
0 0.788052
1 0.977983
2 0.938007
3 0.845888
4 0.967359
5 0.974675
6 0.921275
7 0.947319
8 0.778815
9 0.796192
Promedio Presicion:
0.893556
Recall:
0 0.99166
1 0.968794
2 0.921171
3 0.890681
4 0.782102
5 0.69495
6 0.958155
7 0.857182
8 0.898964
9 0.862351
Promedio Recall:
0.882601
F1-Score:
0 0.877485
1 0.973258
2 0.929265
3 0.865453
4 0.864158
5 0.809085
6 0.939178
7 0.899257
8 0.83364
9 0.827346
Promedio F1-Score:
0.881813
Hitrate:
Promedio Hitrate:
0.884954
MatConf: 
[490,0,0,0,0,0,2,0,2,0,]
[0,540,4,1,0,0,4,0,9,0,]
[19,0,501,3,1,0,2,6,11,2,]
[14,2,6,427,0,4,1,2,23,1,]
[19,0,3,0,373,0,10,2,6,64,]
[26,1,1,39,1,325,17,0,53,6,]
[18,1,0,0,2,1,494,0,0,0,]
[7,3,14,6,1,0,1,432,7,34,]
[13,2,2,23,0,2,5,1,429,0,]
[17,3,3,7,8,2,0,13,12,412,]
Iteracion: 18 Gamma: 190
Presicion:
0 0.784578
1 0.976564
2 0.936625
3 0.843989
4 0.969995
5 0.974633
6 0.923223
7 0.9471
8 0.784482
9 0.796859
Promedio Presicion:
0.893805
Recall:
0 0.99166
1 0.968794
2 0.92341
3 0.88834
4 0.785619
5 0.694721
6 0.958155
7 0.853315
8 0.898687
9 0.864516
Promedio Recall:
0.882722
F1-Score:
0 0.875209
1 0.97257
2 0.929632
3 0.86328
4 0.867368
5 0.809032
6 0.940174
7 0.896892
8 0.836766
9 0.828843
Promedio F1-Score:
0.881977
Hitrate:
Promedio Hitrate:
0.885154
MatConf: 
[490,0,0,0,0,0,2,0,2,0,]
[0,540,4,1,0,0,4,0,9,0,]
[21,0,502,2,1,0,2,6,9,2,]
[14,2,7,426,0,4,1,2,23,1,]
[19,2,3,0,375,0,9,2,6,61,]
[26,1,1,41,0,325,17,0,52,6,]
[18,1,0,0,2,1,494,0,0,0,]
[7,3,14,7,1,0,1,430,6,36,]
[14,1,3,22,0,2,5,1,429,0,]
[17,3,2,7,8,2,0,13,12,413,]
Iteracion: 19 Gamma: 200
Presicion:
0 0.785712
1 0.972453
2 0.939827
3 0.847506
4 0.970145
5 0.975201
6 0.921272
7 0.947176
8 0.787532
9 0.798151
Promedio Presicion:
0.894497
Recall:
0 0.99166
1 0.970455
2 0.920136
3 0.88834
4 0.787751
5 0.705847
6 0.958155
7 0.853397
8 0.898964
9 0.864516
Promedio Recall:
0.883922
F1-Score:
0 0.875977
1 0.971304
2 0.929545
3 0.865079
4 0.868746
5 0.816464
6 0.939177
7 0.897045
8 0.838611
9 0.829606
Promedio F1-Score:
0.883155
Hitrate:
Promedio Hitrate:
0.886154
MatConf: 
[490,0,0,0,0,0,2,0,2,0,]
[0,541,4,1,0,0,4,0,7,1,]
[21,1,500,3,1,0,2,6,9,2,]
[14,2,6,426,0,4,1,2,23,2,]
[19,1,3,0,376,0,10,2,6,60,]
[26,1,1,38,0,330,16,0,52,5,]
[18,1,0,0,2,1,494,0,0,0,]
[7,4,14,7,1,0,1,430,6,35,]
[14,2,2,22,0,2,5,1,429,0,]
[16,3,2,7,8,2,1,13,12,413,]
