Iteracion: 0 Imagenes: 1000
Presicion:
0 0.78546
1 0.928555
2 0.898999
3 0.877742
4 0.893382
5 0.968985
6 0.880999
7 0.913636
8 0.739377
9 0.644428
Promedio Presicion:
0.853157
Recall:
0 0.991379
1 0.940419
2 0.839208
3 0.887103
4 0.688051
5 0.594566
6 0.903687
7 0.799091
8 0.877152
9 0.8322
Promedio Recall:
0.835286
F1-Score:
0 0.87331
1 0.933679
2 0.867447
3 0.881995
4 0.775631
5 0.734722
6 0.890496
7 0.851976
8 0.798423
9 0.724195
Promedio F1-Score:
0.833187
Hitrate:
Promedio Hitrate:
0.836
MatConf: 
[106,0,0,0,0,0,1,0,0,0,]
[0,90,2,0,0,0,1,0,3,0,]
[5,2,104,1,0,0,1,2,9,0,]
[2,0,0,80,0,2,0,0,5,1,]
[1,0,1,0,70,0,2,2,1,25,]
[8,1,0,6,2,53,5,0,9,5,]
[7,1,1,0,1,0,87,0,0,0,]
[1,3,5,0,0,0,1,84,0,11,]
[2,1,1,4,0,0,1,0,81,3,]
[4,0,1,0,5,0,0,4,2,81,]
Iteracion: 1 Imagenes: 2000
Presicion:
0 0.851959
1 0.937347
2 0.938658
3 0.884257
4 0.936423
5 0.993056
6 0.888955
7 0.930771
8 0.757114
9 0.710289
Promedio Presicion:
0.882883
Recall:
0 0.979823
1 0.962464
2 0.9057
3 0.826042
4 0.738222
5 0.655757
6 0.97179
7 0.836962
8 0.921084
9 0.890577
Promedio Recall:
0.868842
F1-Score:
0 0.91083
1 0.949251
2 0.921301
3 0.848777
4 0.825083
5 0.788731
6 0.92755
7 0.879877
8 0.830212
9 0.788895
Promedio F1-Score:
0.867051
Hitrate:
Promedio Hitrate:
0.872
MatConf: 
[192,0,0,0,0,0,3,0,1,0,]
[0,209,1,0,0,0,5,0,2,0,]
[3,4,214,2,1,0,1,4,8,0,]
[3,1,5,145,0,1,1,2,12,3,]
[1,0,1,0,150,0,6,0,2,43,]
[10,3,1,12,0,123,8,0,25,5,]
[5,1,0,0,0,0,205,0,0,0,]
[3,3,5,0,2,0,1,161,1,18,]
[5,1,0,5,0,0,1,0,169,3,]
[3,1,1,0,7,0,0,6,4,176,]
Iteracion: 2 Imagenes: 3000
Presicion:
0 0.829228
1 0.937514
2 0.954899
3 0.878768
4 0.954679
5 0.982137
6 0.914035
7 0.942912
8 0.809589
9 0.75679
Promedio Presicion:
0.896055
Recall:
0 0.990169
1 0.980398
2 0.917957
3 0.87104
4 0.784776
5 0.73405
6 0.952821
7 0.856485
8 0.889979
9 0.904606
Promedio Recall:
0.888228
F1-Score:
0 0.90224
1 0.958224
2 0.935736
3 0.873817
4 0.859175
5 0.838513
6 0.932446
7 0.896734
8 0.847637
9 0.823008
Promedio F1-Score:
0.886753
Hitrate:
Promedio Hitrate:
0.889
MatConf: 
[296,0,0,0,0,0,1,1,1,0,]
[0,335,1,0,0,0,4,0,2,0,]
[4,4,299,0,3,0,2,3,11,1,]
[7,2,3,236,0,1,1,1,16,3,]
[3,1,1,0,230,1,5,0,0,54,]
[16,2,0,21,1,211,9,0,22,6,]
[12,1,0,0,0,1,292,0,1,0,]
[5,7,6,1,3,0,1,257,1,21,]
[8,3,2,11,0,1,3,1,249,2,]
[6,2,1,0,4,0,1,9,5,262,]
Iteracion: 3 Imagenes: 4000
Presicion:
0 0.869493
1 0.93878
2 0.953579
3 0.870473
4 0.959601
5 0.973646
6 0.910546
7 0.946924
8 0.813447
9 0.796395
Promedio Presicion:
0.903288
Recall:
0 0.990195
1 0.979181
2 0.910102
3 0.879611
4 0.819268
5 0.740408
6 0.971159
7 0.876268
8 0.905538
9 0.896844
Promedio Recall:
0.896858
F1-Score:
0 0.925772
1 0.958537
2 0.931316
3 0.874064
4 0.883139
5 0.839936
6 0.939671
7 0.91012
8 0.856164
9 0.84339
Promedio F1-Score:
0.896211
Hitrate:
Promedio Hitrate:
0.89925
MatConf: 
[396,0,0,0,0,0,2,1,1,0,]
[0,437,1,0,0,0,4,0,3,1,]
[9,6,391,1,2,0,3,4,13,1,]
[6,3,6,326,0,4,3,1,18,3,]
[1,1,2,0,319,1,9,2,0,54,]
[10,3,0,29,0,280,13,0,37,7,]
[10,0,0,0,1,0,401,0,1,0,]
[4,8,9,2,4,1,1,358,3,19,]
[8,4,1,13,1,1,4,1,347,3,]
[11,3,0,3,5,1,0,11,5,342,]
Iteracion: 4 Imagenes: 5000
Presicion:
0 0.879713
1 0.949006
2 0.955453
3 0.880408
4 0.944759
5 0.981862
6 0.916043
7 0.974841
8 0.837328
9 0.792129
Promedio Presicion:
0.911154
Recall:
0 0.987883
1 0.982602
2 0.920694
3 0.909319
4 0.836328
5 0.778478
6 0.975616
7 0.854416
8 0.916331
9 0.898831
Promedio Recall:
0.90605
F1-Score:
0 0.930443
1 0.965448
2 0.937484
3 0.893895
4 0.887051
5 0.867649
6 0.944654
7 0.910074
8 0.874544
9 0.841321
Promedio F1-Score:
0.905256
Hitrate:
Promedio Hitrate:
0.9072
MatConf: 
[488,0,0,0,0,0,3,0,2,1,]
[0,548,1,1,0,0,5,0,2,1,]
[12,6,501,2,1,0,4,3,14,2,]
[5,3,7,436,0,4,3,1,18,3,]
[1,1,1,0,399,0,12,0,2,61,]
[14,2,2,32,1,364,12,0,34,8,]
[10,0,0,0,1,0,503,0,2,0,]
[5,10,10,2,7,0,1,430,3,38,]
[9,5,1,16,1,1,6,1,437,0,]
[11,2,1,6,12,2,0,6,8,430,]
Iteracion: 5 Imagenes: 6000
Presicion:
0 0.889635
1 0.95265
2 0.959592
3 0.884349
4 0.958391
5 0.983787
6 0.920057
7 0.970108
8 0.84238
9 0.805405
Promedio Presicion:
0.916635
Recall:
0 0.9898
1 0.983407
2 0.920614
3 0.913549
4 0.839626
5 0.780404
6 0.977257
7 0.881219
8 0.912771
9 0.910824
Promedio Recall:
0.910947
F1-Score:
0 0.937009
1 0.967762
2 0.939551
3 0.898257
4 0.89486
5 0.870003
6 0.947732
7 0.923362
8 0.876153
9 0.854727
Promedio F1-Score:
0.910942
Hitrate:
Promedio Hitrate:
0.912833
MatConf: 
[586,0,0,0,0,0,3,0,2,1,]
[0,643,1,2,0,0,5,0,2,1,]
[16,6,603,3,1,0,3,7,15,2,]
[5,3,8,532,0,3,4,0,25,3,]
[2,1,1,0,484,0,14,1,4,69,]
[16,6,1,39,1,424,16,0,31,10,]
[10,0,0,0,1,0,600,0,3,0,]
[5,8,9,0,7,0,1,549,5,39,]
[8,6,3,20,1,3,5,0,523,4,]
[11,2,2,5,10,1,1,9,11,533,]
Iteracion: 6 Imagenes: 7000
Presicion:
0 0.890772
1 0.950999
2 0.961016
3 0.892363
4 0.963491
5 0.981045
6 0.929727
7 0.959855
8 0.849393
9 0.803426
Promedio Presicion:
0.918209
Recall:
0 0.985524
1 0.979262
2 0.920372
3 0.909507
4 0.839859
5 0.812696
6 0.972616
7 0.87777
8 0.918852
9 0.910336
Promedio Recall:
0.912679
F1-Score:
0 0.935649
1 0.964892
2 0.940158
3 0.900468
4 0.897174
5 0.888707
6 0.950617
7 0.91686
8 0.882417
9 0.853332
Promedio F1-Score:
0.913027
Hitrate:
Promedio Hitrate:
0.914286
MatConf: 
[679,0,0,0,0,0,4,0,5,1,]
[0,763,1,3,0,0,7,0,3,2,]
[16,9,690,3,3,0,4,9,15,2,]
[6,4,8,620,0,7,4,1,28,4,]
[3,3,1,0,562,0,9,3,3,85,]
[18,4,0,39,0,511,15,0,33,10,]
[14,0,0,0,1,1,678,0,3,0,]
[4,10,14,2,5,0,1,646,5,49,]
[9,7,3,20,2,2,6,1,612,4,]
[13,2,1,7,10,0,1,13,15,639,]
Iteracion: 7 Imagenes: 8000
Presicion:
0 0.889997
1 0.949501
2 0.95546
3 0.888979
4 0.962175
5 0.982655
6 0.937184
7 0.95414
8 0.872137
9 0.803782
Promedio Presicion:
0.919601
Recall:
0 0.984955
1 0.978725
2 0.919967
3 0.914955
4 0.828251
5 0.841078
6 0.965751
7 0.88011
8 0.91998
9 0.91144
Promedio Recall:
0.914521
F1-Score:
0 0.934934
1 0.963859
2 0.937139
3 0.901612
4 0.890102
5 0.906146
6 0.951233
7 0.915503
8 0.895224
9 0.85416
Promedio F1-Score:
0.914991
Hitrate:
Promedio Hitrate:
0.915875
MatConf: 
[781,0,1,0,0,0,5,0,5,1,]
[0,872,1,4,0,0,7,0,5,2,]
[18,9,770,4,3,0,3,13,16,2,]
[8,5,10,729,0,5,6,1,25,8,]
[5,6,1,0,640,0,13,4,5,99,]
[18,4,0,42,0,610,10,0,30,11,]
[19,1,0,0,2,3,766,0,2,0,]
[6,12,18,4,7,0,1,734,2,50,]
[10,7,2,27,1,3,4,3,700,4,]
[13,3,2,10,12,0,2,14,14,725,]
Iteracion: 8 Imagenes: 9000
Presicion:
0 0.879523
1 0.955904
2 0.965469
3 0.89424
4 0.968435
5 0.981756
6 0.943342
7 0.964744
8 0.864354
9 0.809978
Promedio Presicion:
0.922774
Recall:
0 0.985469
1 0.979908
2 0.920819
3 0.913027
4 0.839282
5 0.842826
6 0.966473
7 0.880632
8 0.925864
9 0.921205
Promedio Recall:
0.91755
F1-Score:
0 0.92938
1 0.967706
2 0.94244
3 0.90328
4 0.899142
5 0.906864
6 0.95476
7 0.920602
8 0.893984
9 0.861852
Promedio F1-Score:
0.918001
Hitrate:
Promedio Hitrate:
0.918667
MatConf: 
[886,0,0,0,1,0,5,0,6,1,]
[0,973,2,4,0,0,7,0,4,3,]
[22,9,862,8,2,0,2,12,18,2,]
[15,6,9,821,0,6,3,1,31,8,]
[4,6,2,1,738,0,16,2,8,103,]
[25,4,0,40,1,686,14,0,34,10,]
[22,1,0,0,2,3,862,0,2,0,]
[6,11,14,4,6,0,1,824,5,64,]
[13,6,2,29,0,3,3,3,786,4,]
[15,2,1,11,12,1,1,12,16,830,]
Iteracion: 9 Imagenes: 10000
Presicion:
0 0.881493
1 0.955446
2 0.965588
3 0.902962
4 0.973221
5 0.977394
6 0.942567
7 0.961151
8 0.871655
9 0.810266
Promedio Presicion:
0.924174
Recall:
0 0.989954
1 0.981094
2 0.925376
3 0.919319
4 0.834005
5 0.845035
6 0.970314
7 0.883449
8 0.922251
9 0.921627
Promedio Recall:
0.919242
F1-Score:
0 0.932439
1 0.968015
2 0.945008
3 0.910893
4 0.898114
5 0.906095
6 0.956197
7 0.920605
8 0.896217
9 0.86222
Promedio F1-Score:
0.91958
Hitrate:
Promedio Hitrate:
0.9205
MatConf: 
[981,0,0,0,0,0,5,0,4,1,]
[0,1074,2,4,0,0,8,0,4,3,]
[25,8,967,6,3,0,3,11,20,2,]
[13,5,10,927,0,7,3,1,34,9,]
[7,7,3,0,806,0,20,3,8,113,]
[28,5,0,47,0,765,13,0,34,14,]
[19,1,0,0,2,4,973,0,4,0,]
[8,12,18,4,6,0,1,918,5,67,]
[15,9,1,29,0,6,5,3,876,6,]
[17,3,0,9,11,1,1,19,16,918,]
Iteracion: 10 Imagenes: 11000
Presicion:
0 0.885682
1 0.959324
2 0.966548
3 0.910094
4 0.97946
5 0.978432
6 0.941477
7 0.969199
8 0.859021
9 0.812131
Promedio Presicion:
0.926137
Recall:
0 0.988945
1 0.982877
2 0.924834
3 0.915249
4 0.838935
5 0.851498
6 0.976763
7 0.88655
8 0.926667
9 0.924278
Promedio Recall:
0.92166
F1-Score:
0 0.934363
1 0.970901
2 0.945182
3 0.912337
4 0.90347
5 0.910188
6 0.958753
7 0.926008
8 0.891534
9 0.864505
Promedio F1-Score:
0.921724
Hitrate:
Promedio Hitrate:
0.922636
MatConf: 
[1064,0,0,0,0,0,5,0,6,1,]
[0,1197,2,4,0,0,9,0,3,3,]
[28,7,1060,9,2,0,5,10,23,2,]
[11,4,14,1012,0,9,4,2,44,7,]
[9,10,1,0,896,0,19,3,8,122,]
[30,5,0,45,0,860,17,0,42,13,]
[17,1,0,0,2,3,1087,0,3,0,]
[6,13,17,3,5,0,1,1008,9,75,]
[17,8,2,29,0,6,6,2,967,7,]
[19,3,0,10,10,1,1,15,22,998,]
Iteracion: 11 Imagenes: 12000
Presicion:
0 0.896736
1 0.962834
2 0.96345
3 0.91681
4 0.984889
5 0.982169
6 0.93999
7 0.964641
8 0.842353
9 0.809603
Promedio Presicion:
0.926347
Recall:
0 0.988125
1 0.981336
2 0.927374
3 0.908164
4 0.832302
5 0.853276
6 0.973688
7 0.883269
8 0.932812
9 0.931442
Promedio Recall:
0.921179
F1-Score:
0 0.940187
1 0.971924
2 0.944809
3 0.912381
4 0.902059
5 0.91298
6 0.956516
7 0.922117
8 0.885009
9 0.866122
Promedio F1-Score:
0.921411
Hitrate:
Promedio Hitrate:
0.92225
MatConf: 
[1157,0,0,1,0,0,5,0,7,1,]
[0,1323,3,4,0,0,10,0,5,3,]
[27,7,1152,8,2,0,6,11,28,2,]
[9,4,15,1101,0,10,5,5,57,7,]
[7,12,1,0,965,0,21,3,11,139,]
[27,4,0,45,0,942,21,2,50,14,]
[21,2,0,0,1,5,1182,0,3,0,]
[6,12,21,4,4,0,0,1089,15,82,]
[18,8,3,29,0,2,6,3,1065,8,]
[18,3,0,9,8,0,1,16,26,1091,]
Iteracion: 12 Imagenes: 13000
Presicion:
0 0.897089
1 0.96504
2 0.966265
3 0.91931
4 0.984224
5 0.984752
6 0.950732
7 0.966404
8 0.84981
9 0.811912
Promedio Presicion:
0.929554
Recall:
0 0.986666
1 0.980595
2 0.920132
3 0.917403
4 0.833902
5 0.871992
6 0.97179
7 0.894062
8 0.938083
9 0.932335
Promedio Recall:
0.924696
F1-Score:
0 0.939738
1 0.972721
2 0.942525
3 0.918327
4 0.902632
5 0.924811
6 0.961133
7 0.928684
8 0.891667
9 0.867922
Promedio F1-Score:
0.925016
Hitrate:
Promedio Hitrate:
0.925692
MatConf: 
[1257,0,1,2,0,0,5,0,8,1,]
[0,1427,5,5,1,0,8,0,6,3,]
[35,7,1223,9,4,0,6,12,31,2,]
[11,4,13,1205,0,9,5,4,56,7,]
[9,12,1,0,1059,0,18,3,13,155,]
[26,3,0,44,1,1034,16,2,47,14,]
[21,2,0,0,2,4,1275,0,8,0,]
[7,13,19,2,2,0,0,1204,15,84,]
[15,7,3,29,1,3,7,4,1166,8,]
[20,4,0,15,6,0,1,17,23,1184,]
Iteracion: 13 Imagenes: 14000
Presicion:
0 0.900806
1 0.95603
2 0.969206
3 0.914114
4 0.985684
5 0.983187
6 0.951033
7 0.974053
8 0.849192
9 0.818686
Promedio Presicion:
0.930199
Recall:
0 0.98749
1 0.982276
2 0.919327
3 0.917841
4 0.847047
5 0.858836
6 0.969958
7 0.895186
8 0.937391
9 0.93508
Promedio Recall:
0.925043
F1-Score:
0 0.942135
1 0.968941
2 0.943519
3 0.915919
4 0.911006
5 0.916641
6 0.960393
7 0.932891
8 0.890954
9 0.873011
Promedio F1-Score:
0.925541
Hitrate:
Promedio Hitrate:
0.926214
MatConf: 
[1354,0,0,2,0,1,6,0,7,1,]
[0,1547,5,4,1,0,8,0,6,4,]
[32,9,1312,10,2,0,7,14,38,3,]
[12,6,14,1294,0,8,6,3,61,6,]
[11,13,1,0,1159,0,20,3,10,151,]
[26,5,0,57,1,1096,17,1,56,17,]
[25,4,0,0,2,5,1357,0,6,0,]
[8,17,19,3,3,0,0,1311,11,92,]
[15,15,2,32,1,3,5,2,1259,9,]
[20,2,0,15,7,2,1,12,30,1278,]
Iteracion: 14 Imagenes: 15000
Presicion:
0 0.897254
1 0.957641
2 0.966951
3 0.924121
4 0.985674
5 0.984896
6 0.949189
7 0.976549
8 0.850493
9 0.807711
Promedio Presicion:
0.930048
Recall:
0 0.988309
1 0.982445
2 0.920608
3 0.915462
4 0.83665
5 0.862713
6 0.969857
7 0.888969
8 0.942372
9 0.936567
Promedio Recall:
0.924395
F1-Score:
0 0.940532
1 0.96984
2 0.943189
3 0.919732
4 0.904997
5 0.919744
6 0.959389
7 0.930668
8 0.893953
9 0.867342
Promedio F1-Score:
0.924939
Hitrate:
Promedio Hitrate:
0.925467
MatConf: 
[1432,0,0,1,0,1,6,0,8,1,]
[0,1672,5,4,1,0,9,0,7,4,]
[37,10,1394,10,3,0,7,13,36,4,]
[15,6,16,1398,0,8,6,4,68,6,]
[11,13,2,0,1235,0,19,3,10,183,]
[30,4,1,50,1,1171,21,1,59,20,]
[29,3,0,0,2,4,1445,0,7,0,]
[10,18,20,3,2,0,0,1378,13,106,]
[14,16,3,30,1,3,7,1,1365,8,]
[18,4,0,17,8,2,2,11,32,1392,]
Iteracion: 15 Imagenes: 16000
Presicion:
0 0.906605
1 0.958615
2 0.967704
3 0.924538
4 0.983817
5 0.981948
6 0.951853
7 0.977365
8 0.846721
9 0.80964
Promedio Presicion:
0.930881
Recall:
0 0.989591
1 0.983429
2 0.923724
3 0.913705
4 0.838121
5 0.859199
6 0.972459
7 0.890405
8 0.948728
9 0.935079
Promedio Recall:
0.925444
F1-Score:
0 0.946228
1 0.970832
2 0.945189
3 0.919078
4 0.905062
5 0.91641
6 0.962
7 0.931827
8 0.894801
9 0.867802
Promedio F1-Score:
0.925923
Hitrate:
Promedio Hitrate:
0.9265
MatConf: 
[1519,0,0,1,0,1,6,0,7,1,]
[0,1784,5,5,1,0,8,0,6,5,]
[37,9,1487,9,5,0,8,15,36,3,]
[13,8,16,1494,0,13,6,4,74,7,]
[10,13,3,0,1318,0,20,4,12,192,]
[26,5,1,57,1,1252,22,1,70,23,]
[27,4,0,0,2,3,1550,0,8,0,]
[11,18,21,3,3,0,0,1472,13,112,]
[14,16,3,28,1,4,7,0,1463,6,]
[19,4,0,19,9,2,1,10,39,1485,]
Iteracion: 16 Imagenes: 17000
Presicion:
0 0.909232
1 0.962496
2 0.968526
3 0.928268
4 0.982753
5 0.985154
6 0.952249
7 0.971941
8 0.849503
9 0.81661
Promedio Presicion:
0.932673
Recall:
0 0.990793
1 0.98478
2 0.92247
3 0.917964
4 0.846329
5 0.859233
6 0.974138
7 0.888766
8 0.9576
9 0.933556
Promedio Recall:
0.927563
F1-Score:
0 0.948243
1 0.973501
2 0.944857
3 0.923001
4 0.909378
5 0.917747
6 0.963067
7 0.928436
8 0.900251
9 0.871114
Promedio F1-Score:
0.927959
Hitrate:
Promedio Hitrate:
0.928529
MatConf: 
[1610,0,0,0,0,1,5,0,8,1,]
[0,1903,4,5,0,0,9,0,6,5,]
[37,10,1576,9,4,0,11,19,39,3,]
[13,7,18,1595,0,10,7,6,74,8,]
[12,13,4,0,1424,0,20,4,14,191,]
[28,5,1,63,1,1322,22,2,74,22,]
[27,4,0,0,2,3,1654,0,8,0,]
[12,21,21,3,8,0,0,1557,13,117,]
[12,12,2,25,0,4,6,1,1567,7,]
[20,2,1,19,10,2,3,13,42,1577,]
Iteracion: 17 Imagenes: 18000
Presicion:
0 0.904151
1 0.960479
2 0.968758
3 0.933351
4 0.984439
5 0.983183
6 0.951225
7 0.971801
8 0.846544
9 0.825985
Promedio Presicion:
0.932992
Recall:
0 0.991419
1 0.985516
2 0.919792
3 0.918266
4 0.851796
5 0.859107
6 0.974693
7 0.896332
8 0.952917
9 0.934137
Promedio Recall:
0.928397
F1-Score:
0 0.945729
1 0.972824
2 0.943575
3 0.925719
4 0.91326
5 0.916815
6 0.962803
7 0.932482
8 0.896513
9 0.876566
Promedio F1-Score:
0.928629
Hitrate:
Promedio Hitrate:
0.929222
MatConf: 
[1708,0,0,1,0,1,4,0,8,1,]
[0,1995,5,6,1,0,8,0,5,4,]
[37,10,1658,11,5,0,11,18,49,3,]
[20,6,19,1726,0,14,7,7,73,8,]
[11,14,4,0,1511,0,22,5,14,193,]
[32,5,1,59,1,1402,26,2,84,21,]
[29,4,0,0,2,4,1757,0,7,0,]
[14,18,22,3,6,0,0,1664,16,114,]
[16,20,1,25,0,3,9,1,1640,6,]
[22,5,1,19,9,2,3,15,42,1665,]
Iteracion: 18 Imagenes: 19000
Presicion:
0 0.909395
1 0.960784
2 0.965546
3 0.934776
4 0.984562
5 0.982255
6 0.955386
7 0.975402
8 0.848699
9 0.823484
Promedio Presicion:
0.934029
Recall:
0 0.99139
1 0.985415
2 0.9231
3 0.917797
4 0.850024
5 0.869708
6 0.973706
7 0.892665
8 0.956737
9 0.933005
Promedio Recall:
0.929354
F1-Score:
0 0.948605
1 0.97293
2 0.943705
3 0.926191
4 0.912277
5 0.922475
6 0.964445
7 0.932063
8 0.899452
9 0.874774
Promedio F1-Score:
0.929692
Hitrate:
Promedio Hitrate:
0.930158
MatConf: 
[1828,0,1,0,0,1,3,0,10,1,]
[0,2106,6,5,1,0,8,0,6,5,]
[38,11,1747,12,5,0,9,18,50,2,]
[20,7,20,1814,0,15,7,7,78,9,]
[13,15,4,0,1590,0,23,2,20,204,]
[32,6,1,61,1,1497,25,1,76,22,]
[30,4,0,0,2,4,1843,0,10,0,]
[14,22,26,3,3,1,0,1747,16,126,]
[13,18,2,26,0,4,7,1,1745,8,]
[22,3,2,19,13,2,4,15,46,1756,]
Iteracion: 19 Imagenes: 20000
Presicion:
0 0.909618
1 0.963224
2 0.966972
3 0.935085
4 0.984751
5 0.9811
6 0.956424
7 0.974734
8 0.85211
9 0.822344
Promedio Presicion:
0.934636
Recall:
0 0.990176
1 0.985384
2 0.927833
3 0.92062
4 0.850391
5 0.86663
6 0.97387
7 0.894934
8 0.956004
9 0.93309
Promedio Recall:
0.929893
F1-Score:
0 0.948177
1 0.974157
2 0.946953
3 0.927772
4 0.912589
5 0.92015
6 0.96506
7 0.933047
8 0.900945
9 0.874113
Promedio F1-Score:
0.930296
Hitrate:
Promedio Hitrate:
0.9309
MatConf: 
[1913,0,1,1,0,1,3,0,12,1,]
[0,2233,9,4,1,0,8,0,6,5,]
[37,10,1866,13,5,0,10,19,48,2,]
[19,7,19,1915,0,18,4,7,81,10,]
[12,14,3,0,1676,0,23,5,19,219,]
[35,5,1,62,2,1554,27,1,82,25,]
[31,5,0,0,2,5,1930,0,9,0,]
[15,23,26,4,4,1,0,1852,16,129,]
[13,19,2,28,0,4,9,0,1831,9,]
[28,2,2,21,12,1,4,16,46,1848,]
Iteracion: 20 Imagenes: 21000
