Iteracion: 0 Alpha: 10
Presicion:
0 0.58948
1 0.987549
2 0.80306
3 0.655365
4 0.824444
5 0.929981
6 0.840232
7 0.88353
8 0.416925
9 0.586789
Promedio Presicion:
0.751735
Recall:
0 0.967379
1 0.93023
2 0.862989
3 0.753152
4 0.430569
5 0.205041
6 0.880315
7 0.744003
8 0.816959
9 0.3288
Promedio Recall:
0.691944
F1-Score:
0 0.730886
1 0.957793
2 0.830913
3 0.695748
4 0.561593
5 0.334855
6 0.858252
7 0.802357
8 0.551154
9 0.419582
Promedio F1-Score:
0.674313
Hitrate:
Promedio Hitrate:
0.70008
MatConf: 
[478,0,3,4,0,1,5,0,3,0,]
[0,518,7,15,0,0,6,0,12,0,]
[38,0,468,7,3,0,14,1,14,0,]
[21,0,12,360,0,1,2,5,78,1,]
[42,0,17,12,204,0,25,15,75,87,]
[111,3,5,69,5,96,21,3,150,6,]
[47,1,11,1,0,0,454,0,2,0,]
[24,1,37,6,3,0,0,374,45,15,]
[20,0,11,47,1,1,7,0,390,0,]
[34,2,11,32,34,4,8,28,167,157,]
Iteracion: 1 Alpha: 20
Presicion:
0 0.703851
1 0.978405
2 0.889428
3 0.786747
4 0.925918
5 0.974155
6 0.890191
7 0.930292
8 0.683064
9 0.763843
Promedio Presicion:
0.852589
Recall:
0 0.987265
1 0.96522
2 0.889443
3 0.856171
4 0.716673
5 0.566082
6 0.929474
7 0.810957
8 0.864696
9 0.734571
Promedio Recall:
0.832055
F1-Score:
0 0.820736
1 0.9716
2 0.888623
3 0.816467
4 0.80676
5 0.715345
6 0.90898
7 0.864797
8 0.761726
9 0.748209
Promedio F1-Score:
0.830324
Hitrate:
Promedio Hitrate:
0.836134
MatConf: 
[488,0,0,0,0,1,2,0,3,0,]
[1,538,4,1,0,0,5,1,7,1,]
[28,0,483,4,2,0,7,5,13,3,]
[15,3,9,410,0,3,1,3,36,0,]
[23,0,6,3,342,0,18,8,11,66,]
[60,2,2,52,4,265,14,1,61,8,]
[31,0,1,1,2,0,479,0,2,0,]
[10,4,27,9,2,0,1,408,15,29,]
[14,1,5,29,1,2,9,2,414,0,]
[25,2,6,14,17,1,2,11,47,352,]
Iteracion: 2 Alpha: 30
Presicion:
0 0.757223
1 0.973984
2 0.910089
3 0.822814
4 0.946342
5 0.968035
6 0.894517
7 0.919511
8 0.751291
9 0.787189
Promedio Presicion:
0.873099
Recall:
0 0.991767
1 0.96522
2 0.90795
3 0.872578
4 0.765553
5 0.643136
6 0.945529
7 0.839114
8 0.889976
9 0.775268
Promedio Recall:
0.859609
F1-Score:
0 0.857862
1 0.969359
2 0.908595
3 0.844126
4 0.845677
5 0.771768
6 0.919022
7 0.875982
8 0.813647
9 0.78032
Promedio F1-Score:
0.858636
Hitrate:
Promedio Hitrate:
0.862945
MatConf: 
[490,0,0,0,0,0,2,0,2,0,]
[0,538,4,1,0,0,6,1,8,0,]
[21,1,494,4,1,0,6,3,13,2,]
[13,4,10,419,0,5,1,2,23,3,]
[14,0,3,3,365,0,17,7,8,60,]
[43,2,2,46,2,301,14,0,55,4,]
[24,1,0,0,2,0,488,0,1,0,]
[9,3,19,6,4,0,1,422,9,32,]
[13,0,5,22,0,3,7,2,425,0,]
[22,3,5,11,12,2,3,22,26,371,]
Iteracion: 3 Alpha: 40
Presicion:
0 0.76753
1 0.978061
2 0.932615
3 0.839586
4 0.940979
5 0.982517
6 0.91091
7 0.951609
8 0.786337
9 0.797882
Promedio Presicion:
0.888803
Recall:
0 0.989755
1 0.970298
2 0.917099
3 0.892373
4 0.78079
5 0.680948
6 0.94438
7 0.858554
8 0.904232
9 0.833061
Promedio Recall:
0.877149
F1-Score:
0 0.863952
1 0.974038
2 0.924475
3 0.862809
4 0.852383
5 0.80287
6 0.927106
7 0.901406
8 0.840431
9 0.814657
Promedio F1-Score:
0.876413
Hitrate:
Promedio Hitrate:
0.879952
MatConf: 
[489,0,0,0,0,0,3,0,2,0,]
[1,541,4,1,0,0,4,1,6,0,]
[18,0,499,3,3,0,5,3,12,2,]
[14,4,8,428,0,3,1,1,20,1,]
[17,1,2,0,373,0,11,5,5,63,]
[35,3,2,45,2,319,13,0,47,3,]
[24,0,0,0,2,1,487,0,2,0,]
[7,2,15,5,4,0,1,432,7,32,]
[12,0,1,22,1,0,8,1,432,0,]
[21,2,4,8,12,2,1,11,18,398,]
Iteracion: 4 Alpha: 50
Presicion:
0 0.781771
1 0.974732
2 0.92947
3 0.828044
4 0.955179
5 0.978036
6 0.921004
7 0.94939
8 0.7733
9 0.79595
Promedio Presicion:
0.888688
Recall:
0 0.993964
1 0.971959
2 0.919618
3 0.885109
4 0.773095
5 0.694837
6 0.952313
7 0.860189
8 0.891841
9 0.827496
Promedio Recall:
0.877042
F1-Score:
0 0.874687
1 0.973281
2 0.924269
3 0.852607
4 0.853342
5 0.810131
6 0.936296
7 0.90177
8 0.82759
9 0.810719
Promedio F1-Score:
0.876469
Hitrate:
Promedio Hitrate:
0.879952
MatConf: 
[491,0,0,0,0,0,1,0,2,0,]
[0,542,4,1,0,0,4,0,7,0,]
[20,0,500,3,1,0,4,4,11,2,]
[12,2,9,425,0,4,2,2,24,0,]
[15,1,4,0,369,1,10,3,7,67,]
[32,3,1,41,3,325,13,0,47,4,]
[21,0,0,1,1,1,491,0,1,0,]
[7,5,14,8,2,0,1,433,6,29,]
[12,1,2,27,1,0,7,1,426,0,]
[19,2,4,10,10,2,0,13,21,396,]
Iteracion: 5 Alpha: 60
Presicion:
0 0.785409
1 0.980081
2 0.935385
3 0.849616
4 0.962723
5 0.966469
6 0.920867
7 0.945163
8 0.780857
9 0.804299
Promedio Presicion:
0.893087
Recall:
0 0.992059
1 0.971959
2 0.92333
3 0.885467
4 0.791044
5 0.708064
6 0.954077
7 0.85789
8 0.8983
9 0.847182
Promedio Recall:
0.882937
F1-Score:
0 0.875916
1 0.975961
2 0.929136
3 0.864493
4 0.867834
5 0.815571
6 0.937072
7 0.89842
8 0.834607
9 0.824506
Promedio F1-Score:
0.882352
Hitrate:
Promedio Hitrate:
0.885554
MatConf: 
[490,0,0,0,0,0,2,0,2,0,]
[0,542,4,1,0,0,4,0,6,1,]
[20,0,502,2,1,0,3,5,10,2,]
[13,2,8,425,0,5,1,3,22,1,]
[14,1,4,0,378,0,11,3,7,59,]
[30,1,1,36,1,331,14,0,51,4,]
[21,0,0,0,1,1,492,0,1,0,]
[7,4,13,7,2,0,1,432,7,32,]
[13,1,1,21,1,4,6,1,429,0,]
[17,2,4,9,9,2,0,13,16,405,]
Iteracion: 6 Alpha: 70
Presicion:
0 0.787295
1 0.978442
2 0.924751
3 0.844186
4 0.9703
5 0.973151
6 0.921336
7 0.956308
8 0.79402
9 0.810452
Promedio Presicion:
0.896024
Recall:
0 0.99166
1 0.970455
2 0.924883
3 0.897041
4 0.796002
5 0.71519
6 0.958061
7 0.863532
8 0.890141
9 0.851511
Promedio Recall:
0.885848
F1-Score:
0 0.87713
1 0.974366
2 0.924539
3 0.866681
4 0.873955
5 0.822063
6 0.939138
7 0.906625
8 0.838229
9 0.829936
Promedio F1-Score:
0.885266
Hitrate:
Promedio Hitrate:
0.888155
MatConf: 
[490,0,0,0,0,0,2,0,2,0,]
[0,541,4,1,0,0,4,0,7,1,]
[20,0,503,3,1,0,2,4,10,2,]
[12,2,10,430,0,4,1,0,20,1,]
[14,1,4,0,380,1,11,2,6,58,]
[30,1,1,37,0,334,16,0,46,4,]
[19,1,0,0,1,1,494,0,0,0,]
[7,4,14,7,2,0,1,435,5,30,]
[14,1,4,25,0,2,5,1,425,0,]
[17,2,4,8,8,2,0,13,16,407,]
Iteracion: 7 Alpha: 80
Presicion:
0 0.791522
1 0.979802
2 0.928259
3 0.843098
4 0.970606
5 0.967045
6 0.919475
7 0.951997
8 0.791436
9 0.812976
Promedio Presicion:
0.895621
Recall:
0 0.99166
1 0.970455
2 0.926436
3 0.884317
4 0.802849
5 0.715239
6 0.95994
7 0.86298
8 0.890355
9 0.855969
Promedio Recall:
0.88602
F1-Score:
0 0.879727
1 0.975039
2 0.927068
3 0.86064
4 0.878369
5 0.819512
6 0.939153
7 0.904461
8 0.837203
9 0.83348
Promedio F1-Score:
0.885465
Hitrate:
Promedio Hitrate:
0.888555
MatConf: 
[490,0,0,0,0,0,2,0,2,0,]
[0,541,4,1,0,0,4,0,8,0,]
[19,0,504,3,1,0,2,5,9,2,]
[14,2,10,424,0,5,1,1,22,1,]
[15,0,3,0,383,1,11,2,6,56,]
[29,1,1,37,0,335,16,0,46,4,]
[17,1,0,0,2,1,495,0,0,0,]
[7,3,14,7,1,0,1,435,5,32,]
[13,2,3,24,0,3,6,1,425,0,]
[16,2,4,8,8,2,0,13,15,409,]
Iteracion: 8 Alpha: 90
Presicion:
0 0.789747
1 0.978217
2 0.928042
3 0.846191
4 0.962757
5 0.969612
6 0.914259
7 0.951564
8 0.797845
9 0.809215
Promedio Presicion:
0.894745
Recall:
0 0.99166
1 0.970455
2 0.926865
3 0.883234
4 0.801232
5 0.707083
6 0.957743
7 0.858543
8 0.890355
9 0.86478
Promedio Recall:
0.885195
F1-Score:
0 0.878791
1 0.974242
2 0.927234
3 0.861913
4 0.874229
5 0.815301
6 0.935357
7 0.902054
8 0.841006
9 0.835544
Promedio F1-Score:
0.884567
Hitrate:
Promedio Hitrate:
0.887755
MatConf: 
[490,0,0,0,0,0,2,0,2,0,]
[0,541,4,1,0,0,4,0,7,1,]
[19,0,504,4,2,0,2,4,8,2,]
[13,2,8,424,0,5,1,3,23,1,]
[15,0,4,0,382,1,11,2,3,59,]
[31,1,1,37,0,331,17,0,46,5,]
[18,1,0,0,2,1,494,0,0,0,]
[7,4,14,7,2,0,1,433,6,31,]
[13,2,4,22,0,2,8,1,425,0,]
[15,2,4,7,9,2,0,12,13,413,]
Iteracion: 9 Alpha: 100
Presicion:
0 0.786374
1 0.97829
2 0.933159
3 0.850725
4 0.967665
5 0.969116
6 0.919618
7 0.949813
8 0.79748
9 0.806255
Promedio Presicion:
0.895849
Recall:
0 0.99166
1 0.970455
2 0.926436
3 0.888365
4 0.794766
5 0.713234
6 0.956275
7 0.862486
8 0.888285
9 0.868637
Promedio Recall:
0.88606
F1-Score:
0 0.876489
1 0.974237
2 0.929631
3 0.866646
4 0.872085
5 0.819958
6 0.937483
7 0.903304
8 0.839834
9 0.835862
Promedio F1-Score:
0.885553
Hitrate:
Promedio Hitrate:
0.888555
MatConf: 
[490,0,0,0,0,0,2,0,2,0,]
[0,541,4,1,0,0,4,0,8,0,]
[20,0,504,2,1,0,2,5,9,2,]
[12,2,8,426,0,4,1,2,24,1,]
[16,1,4,0,379,0,10,2,4,61,]
[28,1,1,38,1,334,17,0,44,5,]
[19,1,0,0,2,1,493,0,0,0,]
[7,2,14,6,2,0,1,435,6,32,]
[15,2,3,23,0,3,6,1,424,0,]
[17,3,2,6,7,3,0,13,11,415,]
Iteracion: 10 Alpha: 110
Presicion:
0 0.789622
1 0.980032
2 0.9369
3 0.855337
4 0.970206
5 0.972998
6 0.922909
7 0.947468
8 0.796408
9 0.800638
Promedio Presicion:
0.897252
Recall:
0 0.99166
1 0.970455
2 0.924794
3 0.887902
4 0.799157
5 0.722293
6 0.958155
7 0.857182
8 0.896115
9 0.863967
Promedio Recall:
0.887168
F1-Score:
0 0.878421
1 0.97514
2 0.930629
3 0.868526
4 0.875734
5 0.82699
6 0.940011
7 0.899127
8 0.842659
9 0.830522
Promedio F1-Score:
0.886776
Hitrate:
Promedio Hitrate:
0.889556
MatConf: 
[490,0,0,0,0,0,2,0,2,0,]
[0,541,4,1,0,0,4,0,8,0,]
[20,0,503,3,1,0,2,5,9,2,]
[13,2,7,426,0,4,1,2,24,1,]
[18,1,3,0,381,0,9,2,4,59,]
[26,1,1,35,1,338,16,0,46,5,]
[18,1,0,0,2,1,494,0,0,0,]
[7,2,14,6,1,0,1,432,5,37,]
[13,1,3,22,0,3,6,1,428,0,]
[17,3,2,7,7,2,0,14,12,413,]
Iteracion: 11 Alpha: 120
Presicion:
0 0.792305
1 0.973176
2 0.936765
3 0.847518
4 0.968681
5 0.966461
6 0.926627
7 0.945523
8 0.793588
9 0.809606
Promedio Presicion:
0.896025
Recall:
0 0.99166
1 0.970455
2 0.925406
3 0.886564
4 0.812995
5 0.703844
6 0.961772
7 0.861782
8 0.892119
9 0.861802
Promedio Recall:
0.88684
F1-Score:
0 0.880175
1 0.971733
2 0.930821
3 0.864008
4 0.88327
5 0.812411
6 0.94375
7 0.900675
8 0.839131
9 0.834498
Promedio F1-Score:
0.886047
Hitrate:
Promedio Hitrate:
0.889156
MatConf: 
[490,0,0,0,0,0,2,0,2,0,]
[0,541,4,1,0,0,4,0,7,1,]
[21,0,503,2,1,0,2,5,9,2,]
[13,3,7,425,0,4,1,2,24,1,]
[16,1,3,0,388,0,8,3,3,55,]
[27,1,2,41,1,329,15,0,48,5,]
[16,1,0,0,2,1,496,0,0,0,]
[6,4,13,8,1,0,1,434,5,33,]
[15,2,2,22,0,4,5,1,426,0,]
[15,3,3,4,8,3,1,14,14,412,]
Iteracion: 12 Alpha: 130
Presicion:
0 0.791673
1 0.976214
2 0.936798
3 0.851652
4 0.970346
5 0.969795
6 0.916288
7 0.950019
8 0.800059
9 0.801055
Promedio Presicion:
0.89639
Recall:
0 0.99166
1 0.970455
2 0.923241
3 0.885481
4 0.804528
5 0.715598
6 0.958155
7 0.863794
8 0.889929
9 0.861802
Promedio Recall:
0.886464
F1-Score:
0 0.879737
1 0.973203
2 0.929722
3 0.865375
4 0.878886
5 0.821754
6 0.936547
7 0.903974
8 0.841624
9 0.829723
Promedio F1-Score:
0.886055
Hitrate:
Promedio Hitrate:
0.888956
MatConf: 
[490,0,0,0,0,0,2,0,2,0,]
[0,541,4,1,0,0,4,0,7,1,]
[21,0,502,3,1,0,2,5,9,2,]
[15,2,6,425,0,4,1,2,24,1,]
[17,1,3,0,384,0,9,2,2,59,]
[25,1,1,36,1,335,18,0,46,6,]
[18,1,0,0,2,1,494,0,0,0,]
[7,3,14,7,0,0,1,435,4,34,]
[12,2,3,24,0,3,7,1,425,0,]
[15,3,3,5,8,3,1,13,14,412,]
Iteracion: 13 Alpha: 140
Presicion:
0 0.79003
1 0.978021
2 0.936875
3 0.857351
4 0.9701
5 0.975051
6 0.92306
7 0.943034
8 0.801126
9 0.794325
Promedio Presicion:
0.896897
Recall:
0 0.99166
1 0.970455
2 0.924794
3 0.888205
4 0.798261
5 0.721918
6 0.958155
7 0.853315
8 0.898882
9 0.862268
Promedio Recall:
0.886791
F1-Score:
0 0.87878
1 0.974113
2 0.930583
3 0.869475
4 0.875222
5 0.828278
6 0.940158
7 0.894951
8 0.846167
9 0.826578
Promedio F1-Score:
0.886431
Hitrate:
Promedio Hitrate:
0.889156
MatConf: 
[490,0,0,0,0,0,2,0,2,0,]
[0,541,4,1,0,0,4,0,7,1,]
[20,0,503,3,1,0,2,5,9,2,]
[14,2,6,426,0,3,1,2,25,1,]
[18,1,3,0,381,0,9,2,3,60,]
[27,1,1,36,1,338,15,0,45,5,]
[18,1,0,0,2,1,494,0,0,0,]
[7,2,14,7,1,0,1,430,5,38,]
[12,2,3,21,0,3,6,1,429,0,]
[15,3,3,6,7,2,1,16,12,412,]
Iteracion: 14 Alpha: 150
Presicion:
0 0.785315
1 0.976214
2 0.938566
3 0.857706
4 0.967829
5 0.97264
6 0.917868
7 0.949767
8 0.805685
9 0.804561
Promedio Presicion:
0.897615
Recall:
0 0.99166
1 0.970455
2 0.921082
3 0.892745
4 0.806921
5 0.717136
6 0.958061
7 0.85977
8 0.896211
9 0.86465
Promedio Recall:
0.887869
F1-Score:
0 0.875785
1 0.973203
2 0.929613
3 0.872335
4 0.879526
5 0.824137
6 0.937317
7 0.901549
8 0.847985
9 0.832969
Promedio F1-Score:
0.887442
Hitrate:
Promedio Hitrate:
0.890156
MatConf: 
[490,0,0,1,0,0,2,0,1,0,]
[0,541,4,1,0,0,4,0,7,1,]
[22,0,501,2,1,0,2,5,10,2,]
[16,2,6,428,0,3,1,2,21,1,]
[16,1,4,0,385,1,9,2,2,57,]
[27,1,1,35,1,336,17,0,45,6,]
[18,1,0,0,2,1,494,0,0,0,]
[7,3,12,8,2,0,1,433,5,34,]
[13,2,3,21,0,2,7,1,428,0,]
[16,3,3,5,7,3,1,13,13,413,]
Iteracion: 15 Alpha: 160
Presicion:
0 0.790361
1 0.974629
2 0.938246
3 0.854217
4 0.970529
5 0.972214
6 0.919532
7 0.949831
8 0.802558
9 0.802759
Promedio Presicion:
0.897488
Recall:
0 0.99166
1 0.970455
2 0.926347
3 0.892745
4 0.803922
5 0.713382
6 0.958155
7 0.860264
8 0.894294
9 0.866473
Promedio Recall:
0.88777
F1-Score:
0 0.878909
1 0.972406
2 0.932098
3 0.870562
4 0.87861
5 0.821494
6 0.93821
7 0.901745
8 0.845192
9 0.833047
Promedio F1-Score:
0.887227
Hitrate:
Promedio Hitrate:
0.890156
MatConf: 
[490,0,0,1,0,0,2,0,1,0,]
[0,541,4,1,0,0,4,0,7,1,]
[21,0,504,2,1,0,2,4,9,2,]
[14,2,6,428,0,3,1,2,23,1,]
[17,1,4,0,384,0,9,2,2,58,]
[26,1,1,38,1,334,16,0,47,5,]
[18,1,0,0,2,1,494,0,0,0,]
[7,4,13,7,0,0,1,433,5,35,]
[13,2,3,21,0,3,7,1,427,0,]
[15,3,2,5,8,3,1,14,12,414,]
Iteracion: 16 Alpha: 170
Presicion:
0 0.788703
1 0.976214
2 0.940424
3 0.853676
4 0.970176
5 0.972337
6 0.925068
7 0.948099
8 0.805066
9 0.799535
Promedio Presicion:
0.89793
Recall:
0 0.99166
1 0.970455
2 0.926436
3 0.891024
4 0.795967
5 0.712949
6 0.95994
7 0.866219
8 0.894418
9 0.871144
Promedio Recall:
0.888021
F1-Score:
0 0.877996
1 0.973203
2 0.933199
3 0.869314
4 0.87359
5 0.820738
6 0.942063
7 0.904285
8 0.846759
9 0.833399
Promedio F1-Score:
0.887454
Hitrate:
Promedio Hitrate:
0.890356
MatConf: 
[490,0,0,1,0,0,2,0,1,0,]
[0,541,4,1,0,0,4,0,7,1,]
[19,0,504,3,1,0,2,5,9,2,]
[15,2,7,427,0,3,1,2,22,1,]
[17,1,3,0,380,0,9,2,3,62,]
[28,1,1,38,0,334,14,0,47,6,]
[17,1,0,0,2,1,495,0,0,0,]
[7,3,12,7,2,0,1,436,4,33,]
[13,2,3,21,0,3,7,1,427,0,]
[16,3,2,5,7,3,0,14,11,416,]
Iteracion: 17 Alpha: 180
Presicion:
0 0.793954
1 0.971069
2 0.935528
3 0.865622
4 0.968117
5 0.974928
6 0.91628
7 0.949529
8 0.804367
9 0.798666
Promedio Presicion:
0.897806
Recall:
0 0.99166
1 0.972335
2 0.928078
3 0.891024
4 0.80631
5 0.722244
6 0.957743
7 0.854095
8 0.89647
9 0.864308
Promedio Recall:
0.888426
F1-Score:
0 0.881117
1 0.971585
2 0.931629
3 0.876061
4 0.879174
5 0.828551
6 0.936272
7 0.898266
8 0.847065
9 0.829909
Promedio F1-Score:
0.887963
Hitrate:
Promedio Hitrate:
0.890756
MatConf: 
[490,0,0,0,0,0,2,0,2,0,]
[0,542,4,1,0,0,4,0,6,1,]
[19,0,505,2,1,0,2,5,9,2,]
[14,2,8,427,0,3,1,2,21,2,]
[15,1,4,0,385,0,10,2,2,58,]
[27,1,1,33,1,338,17,0,46,5,]
[18,1,0,0,2,1,494,0,0,0,]
[7,5,13,7,1,0,1,430,5,36,]
[13,3,3,20,0,2,7,1,428,0,]
[15,3,2,5,8,3,1,13,14,413,]
Iteracion: 18 Alpha: 190
Presicion:
0 0.78801
1 0.974454
2 0.940131
3 0.848073
4 0.966335
5 0.97741
6 0.928155
7 0.945148
8 0.795584
9 0.789721
Promedio Presicion:
0.895302
Recall:
0 0.989755
1 0.970455
2 0.926436
3 0.88834
4 0.805616
5 0.709001
6 0.957743
7 0.84767
8 0.892073
9 0.863348
Promedio Recall:
0.885044
F1-Score:
0 0.876944
1 0.972306
2 0.932993
3 0.865214
4 0.877844
5 0.820091
6 0.942537
7 0.892688
8 0.840309
9 0.824091
Promedio F1-Score:
0.884502
Hitrate:
Promedio Hitrate:
0.887555
MatConf: 
[489,0,0,0,0,0,3,0,2,0,]
[0,541,4,1,0,0,4,0,8,0,]
[21,0,504,2,1,0,1,5,9,2,]
[14,2,5,426,0,3,1,3,23,3,]
[15,1,2,1,385,0,8,2,3,60,]
[28,1,1,40,0,332,13,0,49,5,]
[18,1,0,0,2,1,494,0,0,0,]
[6,3,14,7,2,0,1,427,4,41,]
[13,2,4,21,0,2,7,2,426,0,]
[17,4,2,6,9,2,0,13,12,412,]
Iteracion: 19 Alpha: 200
Presicion:
0 0.791345
1 0.979459
2 0.940169
3 0.84873
4 0.95608
5 0.967227
6 0.920785
7 0.949361
8 0.819357
9 0.776117
Promedio Presicion:
0.894863
Recall:
0 0.99166
1 0.970455
2 0.926525
3 0.88443
4 0.80001
5 0.723738
6 0.953606
7 0.848466
8 0.887615
9 0.868983
Promedio Recall:
0.885549
F1-Score:
0 0.879719
1 0.974817
2 0.933112
3 0.863773
4 0.870284
5 0.826586
6 0.936786
7 0.894894
8 0.851706
9 0.819502
Promedio F1-Score:
0.885118
Hitrate:
Promedio Hitrate:
0.887955
MatConf: 
[490,0,0,0,0,0,2,0,2,0,]
[0,541,4,1,0,0,4,0,7,1,]
[18,0,504,3,1,0,3,5,9,2,]
[14,2,7,424,1,4,1,2,21,4,]
[15,0,3,0,382,0,9,1,2,65,]
[28,1,1,38,2,339,15,0,38,7,]
[19,1,0,0,2,2,492,0,0,0,]
[7,3,13,6,2,0,1,427,5,41,]
[13,2,3,24,1,3,6,1,424,0,]
[16,2,1,6,9,3,1,14,10,415,]
