Iteracion: 0 Imagenes: 1000
Presicion:
0 0.702341
1 0.972222
2 0.876169
3 0.88026
4 0.913953
5 0.984127
6 0.849915
7 0.899261
8 0.689908
9 0.70682
Promedio Presicion:
0.847498
Recall:
0 0.987013
1 0.929875
2 0.850168
3 0.862546
4 0.677606
5 0.50781
6 0.876702
7 0.771529
8 0.941692
9 0.824524
Promedio Recall:
0.822947
F1-Score:
0 0.814662
1 0.949889
2 0.860877
3 0.858085
4 0.771254
5 0.654639
6 0.861582
7 0.827354
8 0.786477
9 0.757552
Promedio F1-Score:
0.814237
Hitrate:
Promedio Hitrate:
0.820926
MatConf: 
[105,0,0,0,0,0,1,0,1,0,]
[0,89,2,0,0,0,2,0,3,0,]
[6,0,104,0,0,0,2,2,8,0,]
[3,0,2,76,0,1,0,1,7,0,]
[3,0,3,0,68,0,3,1,3,20,]
[13,1,0,9,1,44,4,0,13,3,]
[11,0,0,0,1,0,83,0,1,0,]
[3,2,4,0,1,0,1,81,4,9,]
[2,0,1,1,0,0,1,0,87,1,]
[4,0,3,1,3,0,1,3,2,79,]
Iteracion: 1 Imagenes: 2000
Presicion:
0 0.744504
1 0.95012
2 0.924048
3 0.89597
4 0.917472
5 0.967687
6 0.859235
7 0.933923
8 0.642297
9 0.734385
Promedio Presicion:
0.856964
Recall:
0 0.991937
1 0.947537
2 0.910868
3 0.770545
4 0.71012
5 0.478946
6 0.950641
7 0.825002
8 0.912976
9 0.833294
Promedio Recall:
0.833187
F1-Score:
0 0.843452
1 0.947838
2 0.916606
3 0.824557
4 0.796648
5 0.637011
6 0.901722
7 0.874305
8 0.752033
9 0.779103
Promedio F1-Score:
0.827328
Hitrate:
Promedio Hitrate:
0.83609
MatConf: 
[194,0,0,0,0,0,1,0,1,0,]
[0,205,3,0,0,0,4,0,5,0,]
[6,2,215,0,0,0,3,3,8,0,]
[9,1,4,134,0,2,1,1,20,1,]
[6,1,2,0,142,0,11,1,2,37,]
[22,2,0,12,2,88,9,0,46,3,]
[8,1,0,0,0,0,200,0,2,0,]
[4,2,7,0,4,0,1,157,1,17,]
[6,0,1,4,0,0,2,0,168,3,]
[6,2,1,0,7,1,1,6,9,165,]
Iteracion: 2 Imagenes: 3000
Presicion:
0 0.750704
1 0.953879
2 0.920151
3 0.873302
4 0.948454
5 0.977254
6 0.87535
7 0.951731
8 0.721731
9 0.743004
Promedio Presicion:
0.871556
Recall:
0 0.996429
1 0.960151
2 0.915877
3 0.830321
4 0.724768
5 0.600916
6 0.944248
7 0.828895
8 0.894175
9 0.867965
Promedio Recall:
0.856375
F1-Score:
0 0.853342
1 0.956592
2 0.915567
3 0.847684
4 0.819643
5 0.743001
6 0.90798
7 0.884791
8 0.796714
9 0.799431
Promedio F1-Score:
0.852474
Hitrate:
Promedio Hitrate:
0.85781
MatConf: 
[298,0,1,0,0,0,0,0,0,0,]
[0,328,2,0,0,0,6,0,6,0,]
[9,1,296,1,1,0,3,3,10,1,]
[12,2,3,223,0,3,1,1,20,3,]
[8,1,2,0,213,0,11,0,4,56,]
[29,3,2,23,3,172,12,0,39,5,]
[16,0,0,0,0,0,290,0,1,0,]
[8,6,8,0,3,0,2,248,5,22,]
[10,1,4,9,0,0,4,1,250,1,]
[8,2,3,0,5,1,2,7,10,252,]
Iteracion: 3 Imagenes: 4000
Presicion:
0 0.798561
1 0.962577
2 0.93665
3 0.840142
4 0.946972
5 0.978637
6 0.863592
7 0.951558
8 0.755934
9 0.757324
Promedio Presicion:
0.879195
Recall:
0 0.994743
1 0.969097
2 0.90672
3 0.856256
4 0.730798
5 0.604468
6 0.968133
7 0.860674
8 0.918179
9 0.850318
Promedio Recall:
0.865939
F1-Score:
0 0.885121
1 0.965454
2 0.92111
3 0.844676
4 0.822221
5 0.744081
6 0.912528
7 0.90166
8 0.826988
9 0.799307
Promedio F1-Score:
0.862315
Hitrate:
Promedio Hitrate:
0.868151
MatConf: 
[398,0,1,0,0,0,0,0,1,0,]
[0,432,2,0,0,0,6,0,5,1,]
[14,3,389,2,1,0,5,3,12,1,]
[11,3,6,317,0,4,2,1,24,2,]
[6,1,3,0,282,0,21,2,4,69,]
[28,2,1,36,2,228,20,0,56,6,]
[12,0,0,0,0,0,398,0,1,0,]
[8,3,10,5,2,0,1,349,6,25,]
[8,0,2,12,1,1,6,0,352,1,]
[14,4,2,6,10,0,2,12,6,325,]
Iteracion: 4 Imagenes: 5000
Presicion:
0 0.808479
1 0.970574
2 0.937485
3 0.843422
4 0.953157
5 0.981553
6 0.87669
7 0.96983
8 0.772419
9 0.78117
Promedio Presicion:
0.889478
Recall:
0 0.99166
1 0.972335
2 0.911552
3 0.885656
4 0.768796
5 0.656177
6 0.958044
7 0.850105
8 0.911401
9 0.873416
Promedio Recall:
0.877914
F1-Score:
0 0.890169
1 0.971353
2 0.924192
3 0.863134
4 0.850415
5 0.785002
6 0.914921
7 0.905075
8 0.835437
9 0.824239
Promedio F1-Score:
0.876394
Hitrate:
Promedio Hitrate:
0.880552
MatConf: 
[490,0,1,0,0,0,1,0,2,0,]
[0,542,3,1,0,0,6,0,5,1,]
[19,2,496,0,1,0,7,3,15,2,]
[12,2,7,425,0,4,2,1,25,2,]
[5,1,3,0,366,0,23,1,6,72,]
[28,3,3,46,2,308,19,0,52,8,]
[19,0,0,0,1,0,494,0,2,0,]
[7,6,14,6,3,0,1,428,7,33,]
[11,0,1,18,1,1,9,1,435,0,]
[15,2,1,7,10,1,2,7,15,417,]
Iteracion: 5 Imagenes: 6000
Presicion:
0 0.827076
1 0.969895
2 0.942709
3 0.858908
4 0.966288
5 0.974771
6 0.882135
7 0.970353
8 0.777304
9 0.782169
Promedio Presicion:
0.895161
Recall:
0 0.993461
1 0.973038
2 0.915873
3 0.897289
4 0.776155
5 0.680956
6 0.961579
7 0.864192
8 0.91174
9 0.869366
Promedio Recall:
0.884365
F1-Score:
0 0.902285
1 0.971318
2 0.928375
3 0.877202
4 0.85973
5 0.800997
6 0.919731
7 0.913729
8 0.838597
9 0.822491
Promedio F1-Score:
0.883445
Hitrate:
Promedio Hitrate:
0.886981
MatConf: 
[587,0,1,0,0,0,1,0,2,0,]
[0,636,2,1,0,0,7,0,7,1,]
[20,3,600,2,1,0,8,4,16,2,]
[10,2,7,524,0,5,4,1,28,2,]
[7,1,1,1,446,0,21,2,10,87,]
[30,5,2,51,1,369,25,0,53,8,]
[19,0,0,0,1,0,590,0,4,0,]
[7,4,19,3,2,0,1,537,8,42,]
[12,1,2,23,0,3,9,0,522,1,]
[18,3,3,4,11,2,3,9,22,510,]
Iteracion: 6 Imagenes: 7000
Presicion:
0 0.809323
1 0.970476
2 0.943012
3 0.867075
4 0.958841
5 0.984637
6 0.911389
7 0.958919
8 0.775522
9 0.78859
Promedio Presicion:
0.896778
Recall:
0 0.98976
1 0.971392
2 0.91856
3 0.887709
4 0.770421
5 0.706447
6 0.954556
7 0.857791
8 0.922023
9 0.874567
Promedio Recall:
0.885323
F1-Score:
0 0.89037
1 0.97091
2 0.930518
3 0.876797
4 0.853689
5 0.822292
6 0.932355
7 0.905364
8 0.842032
9 0.829057
Promedio F1-Score:
0.885338
Hitrate:
Promedio Hitrate:
0.888143
MatConf: 
[682,0,0,0,0,0,1,0,6,0,]
[0,757,4,3,0,0,7,0,6,2,]
[24,2,689,3,2,0,2,6,21,2,]
[16,2,10,606,0,4,4,1,37,2,]
[10,3,2,0,515,0,21,3,13,102,]
[42,4,1,52,2,445,19,0,56,9,]
[27,0,0,0,1,0,665,0,4,0,]
[11,7,20,6,5,0,0,630,10,47,]
[14,2,2,21,0,3,9,0,614,1,]
[17,3,3,7,12,0,1,17,27,614,]
Iteracion: 7 Imagenes: 8000
Presicion:
0 0.820944
1 0.967585
2 0.935007
3 0.885957
4 0.971429
5 0.985886
6 0.907566
7 0.966117
8 0.7851
9 0.79708
Promedio Presicion:
0.902267
Recall:
0 0.986281
1 0.969657
2 0.909025
3 0.899941
4 0.782273
5 0.75158
6 0.957972
7 0.859921
8 0.933085
9 0.874728
Promedio Recall:
0.892446
F1-Score:
0 0.895818
1 0.968573
2 0.921494
3 0.892329
4 0.865497
5 0.851859
6 0.931801
7 0.908871
8 0.85207
9 0.833647
Promedio F1-Score:
0.892196
Hitrate:
Promedio Hitrate:
0.89392
MatConf: 
[781,0,0,0,0,0,4,0,6,1,]
[2,864,6,5,0,0,5,0,7,2,]
[30,4,759,5,2,0,5,6,22,3,]
[14,3,11,717,0,1,5,1,40,4,]
[8,4,2,0,603,0,28,2,16,110,]
[45,4,2,45,1,542,21,0,54,9,]
[26,0,0,0,2,2,759,0,4,0,]
[15,8,24,8,2,0,1,715,14,47,]
[13,3,2,21,0,3,7,0,710,2,]
[18,3,5,8,11,2,1,16,35,696,]
Iteracion: 8 Imagenes: 9000
Presicion:
0 0.789998
1 0.974235
2 0.944452
3 0.88828
4 0.978806
5 0.986461
6 0.922297
7 0.967527
8 0.770145
9 0.785729
Promedio Presicion:
0.900793
Recall:
0 0.989867
1 0.974188
2 0.910245
3 0.890788
4 0.782575
5 0.734062
6 0.945445
7 0.847277
8 0.9245
9 0.886695
Promedio Recall:
0.888564
F1-Score:
0 0.87844
1 0.974201
2 0.926428
3 0.888873
4 0.868986
5 0.841424
6 0.933533
7 0.903114
8 0.839703
9 0.832609
Promedio F1-Score:
0.888731
Hitrate:
Promedio Hitrate:
0.890383
MatConf: 
[889,0,0,0,0,0,2,0,6,1,]
[1,967,4,4,0,0,7,0,7,3,]
[41,3,851,7,2,0,5,6,20,2,]
[22,3,10,801,0,2,4,1,52,5,]
[19,4,3,1,689,0,23,2,18,121,]
[56,3,2,54,0,597,22,0,70,10,]
[41,1,0,0,2,2,843,0,3,0,]
[16,6,25,5,3,0,0,790,17,72,]
[19,3,2,25,0,3,7,1,785,4,]
[22,3,3,5,8,1,1,17,41,797,]
Iteracion: 9 Imagenes: 10000
Presicion:
0 0.803819
1 0.97309
2 0.955407
3 0.882474
4 0.977697
5 0.98445
6 0.925749
7 0.961061
8 0.793984
9 0.786633
Promedio Presicion:
0.904437
Recall:
0 0.988161
1 0.973715
2 0.912361
3 0.892856
4 0.781254
5 0.749094
6 0.953874
7 0.857183
8 0.930417
9 0.891239
Promedio Recall:
0.893015
F1-Score:
0 0.886226
1 0.973373
2 0.933032
3 0.887215
4 0.868146
5 0.850283
6 0.939528
7 0.905938
8 0.856243
9 0.835299
Promedio F1-Score:
0.893528
Hitrate:
Promedio Hitrate:
0.895158
MatConf: 
[978,0,0,1,0,0,3,0,7,1,]
[1,1066,6,4,0,0,7,0,8,3,]
[42,3,952,8,2,0,5,10,22,1,]
[24,3,11,900,0,5,5,1,54,6,]
[18,4,2,1,756,0,26,5,18,136,]
[54,4,1,62,1,679,24,0,67,14,]
[38,1,0,0,2,2,956,0,4,0,]
[17,7,23,7,3,0,0,890,15,76,]
[19,4,1,29,0,2,6,1,884,4,]
[27,3,1,8,9,2,1,19,37,887,]
Iteracion: 10 Imagenes: 11000
Presicion:
0 0.805042
1 0.977196
2 0.952236
3 0.890139
4 0.98363
5 0.988257
6 0.932274
7 0.969454
8 0.750145
9 0.790937
Promedio Presicion:
0.903931
Recall:
0 0.987803
1 0.974765
2 0.90366
3 0.892848
4 0.77785
5 0.745879
6 0.955615
7 0.85668
8 0.930182
9 0.894253
Promedio Recall:
0.891954
F1-Score:
0 0.886812
1 0.97592
2 0.926988
3 0.891169
4 0.868128
5 0.849766
6 0.943676
7 0.909263
8 0.830166
9 0.838867
Promedio F1-Score:
0.892075
Hitrate:
Promedio Hitrate:
0.893516
MatConf: 
[1062,0,0,1,0,0,3,0,9,0,]
[1,1186,6,4,0,0,7,0,10,3,]
[48,3,1034,8,2,0,8,9,33,1,]
[22,2,12,987,0,5,5,1,68,5,]
[23,5,3,0,831,0,26,4,27,149,]
[58,4,1,65,1,754,18,0,97,14,]
[41,0,0,0,2,1,1063,0,6,0,]
[16,8,24,6,2,0,1,974,26,80,]
[21,3,3,30,0,3,7,1,971,5,]
[27,3,2,8,7,0,2,16,49,964,]
Iteracion: 11 Imagenes: 12000
Presicion:
0 0.819722
1 0.979842
2 0.959414
3 0.90733
4 0.986489
5 0.985022
6 0.932213
7 0.971581
8 0.715855
9 0.798298
Promedio Presicion:
0.905577
Recall:
0 0.987967
1 0.975825
2 0.906097
3 0.883262
4 0.775051
5 0.762961
6 0.956365
7 0.849096
8 0.943002
9 0.883828
Promedio Recall:
0.892345
F1-Score:
0 0.895926
1 0.977752
2 0.931681
3 0.894623
4 0.867733
5 0.859315
6 0.944051
7 0.9058
8 0.813569
9 0.838567
Promedio F1-Score:
0.892902
Hitrate:
Promedio Hitrate:
0.894149
MatConf: 
[1156,0,0,2,0,0,3,0,9,0,]
[1,1316,4,4,0,0,8,0,12,3,]
[47,2,1125,7,2,0,9,8,41,1,]
[19,2,13,1070,0,6,6,3,90,4,]
[23,6,1,0,898,0,28,4,48,151,]
[55,2,1,62,1,842,21,0,108,13,]
[40,1,0,0,2,4,1161,0,6,0,]
[18,9,25,6,2,0,0,1047,40,86,]
[24,2,2,23,0,1,7,1,1077,5,]
[27,3,1,5,5,2,2,15,76,1036,]
Iteracion: 12 Imagenes: 13000
Presicion:
0 0.824857
1 0.982567
2 0.961221
3 0.910782
4 0.985834
5 0.989244
6 0.942278
7 0.968791
8 0.727051
9 0.791668
Promedio Presicion:
0.908429
Recall:
0 0.98599
1 0.97437
2 0.905655
3 0.892338
4 0.772255
5 0.769333
6 0.953654
7 0.857438
8 0.949238
9 0.896554
Promedio Recall:
0.895682
F1-Score:
0 0.898047
1 0.978355
2 0.932321
3 0.901173
4 0.86567
5 0.864994
6 0.947875
7 0.909396
8 0.823192
9 0.840492
Promedio F1-Score:
0.896152
Hitrate:
Promedio Hitrate:
0.897223
MatConf: 
[1256,0,0,2,0,0,2,0,14,0,]
[1,1418,8,4,0,0,8,0,13,3,]
[52,2,1202,10,4,0,7,11,40,1,]
[23,1,13,1172,0,4,4,2,90,5,]
[22,5,3,0,980,0,30,3,49,177,]
[53,2,1,63,1,911,18,0,123,15,]
[46,0,0,0,1,4,1251,0,10,0,]
[20,9,21,7,2,0,0,1154,38,95,]
[23,3,2,23,0,0,6,1,1180,5,]
[26,3,0,5,6,2,1,20,68,1139,]
Iteracion: 13 Imagenes: 14000
Presicion:
0 0.814858
1 0.978496
2 0.960641
3 0.906877
4 0.986772
5 0.983357
6 0.945535
7 0.975457
8 0.737972
9 0.785502
Promedio Presicion:
0.907547
Recall:
0 0.987599
1 0.972505
2 0.904779
3 0.89866
4 0.767191
5 0.772878
6 0.947106
7 0.850631
8 0.947789
9 0.898003
Promedio Recall:
0.894714
F1-Score:
0 0.892799
1 0.975405
2 0.931708
3 0.90269
4 0.862712
5 0.864601
6 0.946232
7 0.908733
8 0.829504
9 0.837657
Promedio F1-Score:
0.895204
Hitrate:
Promedio Hitrate:
0.896214
MatConf: 
[1354,0,0,1,0,0,3,0,13,0,]
[1,1532,9,4,0,0,7,0,18,4,]
[56,3,1290,9,3,0,8,11,45,2,]
[24,1,11,1267,0,9,4,1,89,4,]
[33,7,0,0,1049,0,28,1,49,201,]
[65,3,1,73,1,985,20,0,113,15,]
[52,2,0,0,2,6,1325,0,12,0,]
[23,10,27,7,3,0,0,1245,43,106,]
[26,5,3,25,0,1,5,1,1273,4,]
[28,3,1,11,5,1,1,17,73,1227,]
Iteracion: 14 Imagenes: 15000
Presicion:
0 0.820226
1 0.979422
2 0.962539
3 0.912818
4 0.986201
5 0.984281
6 0.94228
7 0.974068
8 0.72901
9 0.784865
Promedio Presicion:
0.907571
Recall:
0 0.988915
1 0.974665
2 0.898085
3 0.888985
4 0.762428
5 0.771304
6 0.945712
7 0.848715
8 0.95601
9 0.902694
Promedio Recall:
0.893751
F1-Score:
0 0.896622
1 0.977006
2 0.928865
3 0.900548
4 0.859823
5 0.864503
6 0.94383
7 0.906877
8 0.827037
9 0.839577
Promedio F1-Score:
0.894469
Hitrate:
Promedio Hitrate:
0.895291
MatConf: 
[1433,0,0,2,0,0,2,0,12,0,]
[1,1658,9,4,0,0,8,0,17,4,]
[61,3,1358,13,4,0,11,13,48,2,]
[27,2,13,1357,0,10,5,2,106,5,]
[29,7,2,0,1124,0,35,3,56,219,]
[61,3,1,69,2,1047,18,0,138,19,]
[59,1,0,0,2,5,1407,0,15,0,]
[27,10,25,6,3,0,0,1316,47,116,]
[21,6,2,23,0,1,6,0,1384,4,]
[29,3,0,13,5,1,1,17,76,1340,]
Iteracion: 15 Imagenes: 16000
Presicion:
0 0.834374
1 0.979685
2 0.961996
3 0.916727
4 0.986135
5 0.98604
6 0.944231
7 0.976619
8 0.722226
9 0.786995
Promedio Presicion:
0.909503
Recall:
0 0.988297
1 0.975453
2 0.904642
3 0.888427
4 0.769476
5 0.770017
6 0.948703
7 0.848911
8 0.960465
9 0.905039
Promedio Recall:
0.895943
F1-Score:
0 0.904733
1 0.977498
2 0.932036
3 0.902156
4 0.864206
5 0.864358
6 0.946326
7 0.907944
8 0.824287
9 0.841693
Promedio F1-Score:
0.896524
Hitrate:
Promedio Hitrate:
0.897343
MatConf: 
[1517,0,0,1,0,0,2,0,15,0,]
[0,1768,9,4,0,0,9,0,18,4,]
[56,2,1454,14,4,0,10,13,53,2,]
[26,3,14,1452,0,10,5,2,118,5,]
[25,9,3,0,1208,0,35,2,64,225,]
[61,2,1,70,1,1122,24,0,157,20,]
[57,1,0,0,2,4,1511,0,18,0,]
[25,10,26,7,4,0,0,1403,47,131,]
[23,7,4,20,0,1,3,0,1481,3,]
[28,3,0,16,6,1,1,16,80,1437,]
Iteracion: 16 Imagenes: 17000
