Iteracion: 0 k: 5
Presicion:
0 0.952659
1 0.879533
2 0.966501
3 0.925482
4 0.942546
5 0.934404
6 0.94936
7 0.923978
8 0.963856
9 0.862621
Promedio Presicion:
0.930094
Recall:
0 0.983745
1 0.989225
2 0.908623
3 0.928804
4 0.911571
5 0.922307
6 0.982421
7 0.929865
8 0.822049
9 0.892492
Promedio Recall:
0.92711
F1-Score:
0 0.967768
1 0.930727
2 0.936352
3 0.926888
4 0.926322
5 0.927868
6 0.965406
7 0.926646
8 0.887252
9 0.876629
Promedio F1-Score:
0.927186
Hitrate:
Promedio Hitrate:
0.928571
MatConf: 
[486,0,0,1,0,0,6,1,0,0,]
[0,552,1,1,0,0,1,1,1,1,]
[4,20,495,3,2,0,0,12,5,4,]
[2,4,10,446,2,6,2,1,4,3,]
[0,7,0,0,435,1,4,1,0,29,]
[4,6,0,5,0,433,9,0,3,9,]
[4,0,0,0,1,4,507,0,0,0,]
[0,16,1,0,5,1,0,469,1,12,]
[5,17,3,22,2,17,4,4,392,11,]
[5,5,2,3,15,1,1,18,1,426,]
Iteracion: 1 k: 15
Presicion:
0 0.948413
1 0.826051
2 0.978969
3 0.904947
4 0.952253
5 0.934928
6 0.946342
7 0.900072
8 0.960012
9 0.826169
Promedio Presicion:
0.917816
Recall:
0 0.977501
1 0.987721
2 0.856032
3 0.92099
4 0.898898
5 0.903334
6 0.972539
7 0.916369
8 0.797629
9 0.888008
Promedio Recall:
0.911902
F1-Score:
0 0.962323
1 0.89941
2 0.91328
3 0.912493
4 0.924321
5 0.918337
6 0.958979
7 0.907713
8 0.870439
9 0.855572
Promedio F1-Score:
0.912287
Hitrate:
Promedio Hitrate:
0.912965
MatConf: 
[483,0,0,0,0,1,7,1,1,1,]
[0,551,1,1,0,0,2,2,1,0,]
[6,34,466,4,3,1,0,20,7,4,]
[1,7,6,442,2,6,2,1,7,6,]
[0,8,0,0,428,0,3,1,0,37,]
[4,11,0,10,0,424,8,0,0,12,]
[5,4,1,0,2,2,502,0,0,0,]
[0,24,0,0,1,1,1,462,1,15,]
[6,21,1,27,2,18,4,2,381,15,]
[4,6,1,4,12,1,1,24,0,424,]
Iteracion: 2 k: 25
Presicion:
0 0.940646
1 0.794772
2 0.980404
3 0.897039
4 0.944825
5 0.925658
6 0.931554
7 0.900311
8 0.949443
9 0.814753
Promedio Presicion:
0.90794
Recall:
0 0.971093
1 0.987721
2 0.832157
3 0.907002
4 0.879571
5 0.887637
6 0.967142
7 0.897102
8 0.786831
9 0.886292
Promedio Recall:
0.900255
F1-Score:
0 0.955297
1 0.880515
2 0.90013
3 0.90133
4 0.910568
5 0.905465
6 0.948378
7 0.897767
8 0.859504
9 0.848668
Promedio F1-Score:
0.900762
Hitrate:
Promedio Hitrate:
0.90116
MatConf: 
[480,0,0,1,0,1,10,1,0,1,]
[0,551,1,1,0,0,2,2,1,0,]
[8,39,453,6,4,2,1,18,9,5,]
[2,9,6,435,1,7,2,2,9,7,]
[0,12,0,0,419,1,4,1,0,40,]
[4,12,0,9,0,416,12,1,2,13,]
[5,5,0,0,2,5,499,0,0,0,]
[0,30,0,0,4,1,1,452,1,16,]
[6,27,1,28,1,16,5,3,376,14,]
[5,7,1,5,13,1,0,22,0,423,]
Iteracion: 3 k: 35
Presicion:
0 0.935634
1 0.762903
2 0.982348
3 0.884392
4 0.94348
5 0.92986
6 0.933887
7 0.902582
8 0.942929
9 0.789053
Promedio Presicion:
0.900707
Recall:
0 0.973499
1 0.989601
2 0.806596
3 0.894275
4 0.864315
5 0.862154
6 0.957318
7 0.892644
8 0.772402
9 0.885923
Promedio Recall:
0.889873
F1-Score:
0 0.953869
1 0.860979
2 0.885556
3 0.8879
4 0.901738
5 0.893453
6 0.944945
7 0.89704
8 0.848297
9 0.834296
Promedio F1-Score:
0.890807
Hitrate:
Promedio Hitrate:
0.891156
MatConf: 
[481,0,0,0,0,1,9,1,1,1,]
[0,552,1,1,0,0,2,1,1,0,]
[8,50,439,6,7,2,0,17,12,4,]
[2,12,5,430,1,8,3,2,8,9,]
[0,13,0,0,412,1,4,0,0,47,]
[4,15,0,17,0,404,13,1,1,14,]
[6,11,0,0,2,3,494,0,0,0,]
[0,31,0,0,1,1,1,450,1,20,]
[7,31,1,28,3,14,3,3,369,18,]
[6,7,1,5,11,1,0,23,0,423,]
Iteracion: 4 k: 45
Presicion:
0 0.934331
1 0.738329
2 0.986254
3 0.872285
4 0.946155
5 0.924996
6 0.925961
7 0.899261
8 0.948165
9 0.78979
Promedio Presicion:
0.896553
Recall:
0 0.963076
1 0.989601
2 0.787038
3 0.886592
4 0.854842
5 0.849818
6 0.94945
7 0.895525
8 0.774533
9 0.887807
Promedio Recall:
0.883828
F1-Score:
0 0.948266
1 0.845014
2 0.875007
3 0.878471
4 0.897692
5 0.883995
6 0.937065
7 0.897106
8 0.851847
9 0.835634
Promedio F1-Score:
0.88501
Hitrate:
Promedio Hitrate:
0.884954
MatConf: 
[476,0,0,1,0,2,13,1,0,1,]
[0,552,1,1,0,0,2,1,1,0,]
[9,60,428,6,7,2,1,17,10,5,]
[2,17,5,426,1,7,3,3,9,7,]
[0,14,0,0,407,1,4,0,0,51,]
[4,20,0,22,0,398,11,0,1,13,]
[6,11,0,0,4,4,490,1,0,0,]
[0,32,0,0,1,1,1,452,0,18,]
[7,32,0,27,2,15,3,3,370,18,]
[5,8,0,6,8,1,1,24,0,424,]
Iteracion: 5 k: 55
Presicion:
0 0.930769
1 0.715603
2 0.981575
3 0.870276
4 0.941373
5 0.927738
6 0.929022
7 0.891621
8 0.946325
9 0.763846
Promedio Presicion:
0.889815
Recall:
0 0.963076
1 0.991104
2 0.778649
3 0.882291
4 0.828452
5 0.83379
6 0.945074
7 0.889702
8 0.753004
9 0.873843
Promedio Recall:
0.873899
F1-Score:
0 0.946507
1 0.830347
2 0.867592
3 0.875103
4 0.880584
5 0.876572
6 0.936636
7 0.890369
8 0.837779
9 0.814653
Promedio F1-Score:
0.875614
Hitrate:
Promedio Hitrate:
0.87555
MatConf: 
[476,0,0,1,0,2,13,1,0,1,]
[0,553,1,1,0,0,1,1,1,0,]
[10,66,423,3,7,3,1,17,11,4,]
[2,17,6,424,1,6,3,2,8,11,]
[0,14,0,0,395,1,4,1,0,62,]
[3,25,0,24,0,390,11,1,1,14,]
[7,12,0,0,4,4,488,1,0,0,]
[0,34,0,0,1,1,1,449,0,19,]
[7,39,0,30,3,13,3,4,360,18,]
[6,11,1,5,9,1,0,26,0,418,]
Iteracion: 6 k: 65
Presicion:
0 0.933269
1 0.685518
2 0.983656
3 0.858072
4 0.933177
5 0.924679
6 0.919889
7 0.894277
8 0.94455
9 0.734139
Promedio Presicion:
0.881123
Recall:
0 0.950284
1 0.991104
2 0.76436
3 0.869142
4 0.814672
5 0.805265
6 0.940806
7 0.876059
8 0.735906
9 0.865509
Promedio Recall:
0.861311
F1-Score:
0 0.941441
1 0.809522
2 0.859258
3 0.862772
4 0.869155
5 0.860134
6 0.929849
7 0.884772
8 0.826491
9 0.794011
Promedio F1-Score:
0.86374
Hitrate:
Promedio Hitrate:
0.863145
MatConf: 
[470,0,0,1,0,2,18,1,0,2,]
[0,553,1,1,0,0,1,1,1,0,]
[9,75,415,4,7,3,1,17,10,4,]
[2,26,5,417,1,4,3,1,8,13,]
[0,15,0,0,388,1,4,0,0,69,]
[5,31,0,24,0,377,11,1,2,18,]
[6,15,0,0,4,4,486,1,0,0,]
[0,35,0,0,2,1,1,442,0,24,]
[5,41,0,34,4,15,3,4,352,19,]
[6,14,1,5,10,1,0,26,0,414,]
Iteracion: 7 k: 75
Presicion:
0 0.93531
1 0.666019
2 0.975919
3 0.866009
4 0.932377
5 0.921035
6 0.909199
7 0.887413
8 0.937564
9 0.730902
Promedio Presicion:
0.876175
Recall:
0 0.948136
1 0.991104
2 0.740942
3 0.854871
4 0.801785
5 0.793118
6 0.933571
7 0.879975
8 0.735406
9 0.863003
Promedio Recall:
0.854191
F1-Score:
0 0.941454
1 0.795019
2 0.840879
3 0.859439
4 0.861447
5 0.851215
6 0.92069
7 0.883222
8 0.823729
9 0.791024
Promedio F1-Score:
0.856812
Hitrate:
Promedio Hitrate:
0.855742
MatConf: 
[469,0,0,1,0,2,19,1,0,2,]
[0,553,1,1,0,0,1,1,1,0,]
[8,84,402,4,7,3,2,18,11,6,]
[2,27,7,410,1,4,4,2,10,13,]
[0,16,0,0,382,1,4,1,0,73,]
[3,37,0,23,0,371,13,1,2,19,]
[8,15,0,0,4,6,482,1,0,0,]
[0,39,0,0,2,0,1,444,0,19,]
[5,44,1,30,4,15,3,5,351,19,]
[6,14,1,5,10,1,1,26,0,413,]
Iteracion: 8 k: 85
Presicion:
0 0.93321
1 0.643713
2 0.975604
3 0.853436
4 0.933888
5 0.910186
6 0.913803
7 0.88403
8 0.939185
9 0.724334
Promedio Presicion:
0.871139
Recall:
0 0.942312
1 0.991104
2 0.723534
3 0.846775
4 0.796589
5 0.772435
6 0.921487
7 0.876083
8 0.729273
9 0.859089
Promedio Recall:
0.845868
F1-Score:
0 0.937426
1 0.779333
2 0.829596
3 0.849067
4 0.859132
5 0.834436
6 0.916838
7 0.87968
8 0.820493
9 0.785719
Promedio F1-Score:
0.849172
Hitrate:
Promedio Hitrate:
0.847739
MatConf: 
[466,0,0,1,0,6,18,1,0,2,]
[0,553,1,1,0,0,1,1,1,0,]
[9,91,393,4,7,3,2,18,11,7,]
[2,29,8,406,1,6,3,4,9,12,]
[0,18,0,0,380,1,4,1,0,73,]
[3,40,0,29,0,362,12,1,2,20,]
[8,20,0,0,5,6,476,1,0,0,]
[0,40,0,0,1,0,1,442,0,21,]
[5,50,0,30,5,13,3,3,348,20,]
[6,16,1,5,8,1,1,28,0,411,]
Iteracion: 9 k: 95
Presicion:
0 0.931391
1 0.62511
2 0.97489
3 0.85102
4 0.923904
5 0.916891
6 0.90421
7 0.886173
8 0.930531
9 0.70949
Promedio Presicion:
0.865361
Recall:
0 0.941965
1 0.991104
2 0.704335
3 0.840133
4 0.781709
5 0.746643
6 0.919462
7 0.868116
8 0.718459
9 0.854947
Promedio Recall:
0.836687
F1-Score:
0 0.936238
1 0.765682
2 0.816515
3 0.844285
4 0.846467
5 0.821809
6 0.911064
7 0.876823
8 0.809876
9 0.775218
Promedio F1-Score:
0.840398
Hitrate:
Promedio Hitrate:
0.838935
MatConf: 
[466,0,0,0,0,4,20,1,1,2,]
[0,553,1,1,0,0,1,1,1,0,]
[9,100,383,4,7,3,2,18,12,7,]
[2,34,8,403,1,4,4,2,9,13,]
[0,18,0,0,373,1,5,1,0,79,]
[5,44,0,31,0,350,13,1,3,22,]
[7,22,0,0,5,6,475,1,0,0,]
[0,42,0,0,1,0,1,438,0,23,]
[5,53,0,30,6,13,3,4,343,20,]
[6,16,1,5,11,1,1,27,0,409,]
Iteracion: 10 k: 105
Presicion:
0 0.930818
1 0.613923
2 0.971566
3 0.847838
4 0.923727
5 0.91642
6 0.900368
7 0.887952
8 0.929807
9 0.701868
Promedio Presicion:
0.862429
Recall:
0 0.938097
1 0.991104
2 0.694667
3 0.834125
4 0.775893
5 0.736628
6 0.915499
7 0.87402
8 0.709981
9 0.848323
Promedio Recall:
0.831834
F1-Score:
0 0.934077
1 0.757408
2 0.80886
3 0.839788
4 0.842906
5 0.815016
6 0.90727
7 0.880641
8 0.804361
9 0.767952
Promedio F1-Score:
0.835828
Hitrate:
Promedio Hitrate:
0.834134
MatConf: 
[464,0,0,0,0,5,21,1,1,2,]
[0,553,1,1,0,0,1,1,1,0,]
[9,104,378,4,7,2,2,19,12,8,]
[1,38,8,400,1,4,4,2,9,13,]
[0,19,0,0,370,1,5,1,0,81,]
[6,47,0,31,0,345,14,0,3,23,]
[8,23,0,0,5,6,473,1,0,0,]
[0,41,0,0,1,0,1,441,0,21,]
[4,55,1,31,6,13,3,2,339,23,]
[6,18,1,5,11,1,1,28,0,406,]
Iteracion: 11 k: 115
Presicion:
0 0.930626
1 0.600109
2 0.974176
3 0.844591
4 0.917831
5 0.915573
6 0.891376
7 0.882003
8 0.930253
9 0.688712
Promedio Presicion:
0.857525
Recall:
0 0.935848
1 0.991104
2 0.686092
3 0.82851
4 0.759377
5 0.729295
6 0.911787
7 0.866343
8 0.693606
9 0.837584
Promedio Recall:
0.823955
F1-Score:
0 0.932818
1 0.74673
2 0.804033
3 0.835389
4 0.830528
5 0.810203
6 0.900849
7 0.873756
8 0.793946
9 0.75561
Promedio F1-Score:
0.828386
Hitrate:
Promedio Hitrate:
0.82633
MatConf: 
[463,0,0,0,0,5,22,1,1,2,]
[0,553,1,1,0,0,1,1,1,0,]
[9,108,373,4,7,2,4,18,12,8,]
[1,41,8,397,1,4,4,3,8,13,]
[0,22,0,0,362,1,5,1,0,86,]
[6,49,0,31,0,342,14,0,3,24,]
[8,25,0,0,6,6,471,0,0,0,]
[0,44,0,0,1,0,1,437,0,22,]
[4,58,0,32,5,13,5,4,331,25,]
[6,19,1,5,13,1,1,30,0,401,]
Iteracion: 12 k: 125
Presicion:
0 0.922971
1 0.588223
2 0.971326
3 0.835558
4 0.918288
5 0.918441
6 0.884611
7 0.880057
8 0.929463
9 0.679819
Promedio Presicion:
0.852876
Recall:
0 0.933836
1 0.991104
2 0.665816
3 0.82413
4 0.757993
5 0.698493
6 0.911231
7 0.861871
8 0.685245
9 0.83143
Promedio Recall:
0.816115
F1-Score:
0 0.928032
1 0.737325
2 0.788283
3 0.828465
4 0.829671
5 0.79051
6 0.897002
7 0.870706
8 0.788218
9 0.747749
Promedio F1-Score:
0.820596
Hitrate:
Promedio Hitrate:
0.818727
MatConf: 
[462,0,0,1,0,5,23,1,0,2,]
[0,553,1,1,0,0,1,1,1,0,]
[11,115,362,4,7,2,5,18,13,8,]
[1,43,8,395,1,4,4,4,8,12,]
[0,21,0,0,362,1,6,1,0,86,]
[7,54,0,33,0,327,15,1,3,29,]
[8,26,0,0,5,6,471,0,0,0,]
[0,45,0,0,2,0,1,435,0,22,]
[5,60,1,33,4,12,5,3,327,27,]
[6,21,1,6,14,0,1,30,0,398,]
Iteracion: 13 k: 135
Presicion:
0 0.922767
1 0.573836
2 0.975918
3 0.829453
4 0.914174
5 0.915315
6 0.884972
7 0.873028
8 0.925596
9 0.67087
Promedio Presicion:
0.848593
Recall:
0 0.934184
1 0.991104
2 0.650786
3 0.815264
4 0.744244
5 0.686066
6 0.90387
7 0.862366
8 0.677168
9 0.824908
Promedio Recall:
0.808996
F1-Score:
0 0.928095
1 0.726158
2 0.779038
3 0.820703
4 0.820041
5 0.780594
6 0.893887
7 0.86741
8 0.781705
9 0.739671
Promedio F1-Score:
0.81373
Hitrate:
Promedio Hitrate:
0.811525
MatConf: 
[462,0,0,0,0,4,24,1,0,3,]
[0,553,0,2,0,0,1,1,1,0,]
[13,121,354,4,8,2,4,19,13,7,]
[1,45,8,391,1,5,4,4,8,13,]
[0,24,0,0,355,0,5,2,0,91,]
[6,58,0,35,0,321,15,1,4,29,]
[8,30,0,0,5,6,467,0,0,0,]
[0,45,0,0,2,0,1,435,0,22,]
[4,64,0,33,5,14,5,2,323,27,]
[6,21,1,7,13,0,1,33,0,395,]
Iteracion: 14 k: 145
Presicion:
0 0.92815
1 0.561806
2 0.972978
3 0.826378
4 0.911841
5 0.916804
6 0.88669
7 0.869915
8 0.924258
9 0.673409
Promedio Presicion:
0.847223
Recall:
0 0.931775
1 0.991104
2 0.645734
3 0.813305
4 0.742501
5 0.668541
6 0.903916
7 0.854061
8 0.672059
9 0.827622
Promedio Recall:
0.805062
F1-Score:
0 0.929725
1 0.71632
2 0.774498
3 0.81813
4 0.817903
5 0.770464
6 0.894786
7 0.861707
8 0.777724
9 0.742141
Promedio F1-Score:
0.81034
Hitrate:
Promedio Hitrate:
0.807723
MatConf: 
[461,0,0,0,0,6,22,1,0,4,]
[0,553,0,2,0,0,1,1,1,0,]
[11,122,351,4,9,2,5,20,14,7,]
[1,47,8,390,1,4,4,3,9,13,]
[0,27,0,0,354,0,6,1,0,89,]
[7,63,0,37,0,313,14,2,3,30,]
[7,32,0,0,5,5,467,0,0,0,]
[0,49,0,0,2,0,1,431,0,22,]
[3,68,1,33,5,12,5,3,321,26,]
[6,21,1,6,13,0,1,33,0,396,]
Iteracion: 15 k: 155
Presicion:
0 0.929856
1 0.552225
2 0.975496
3 0.818427
4 0.916561
5 0.912452
6 0.885316
7 0.869893
8 0.921005
9 0.67462
Promedio Presicion:
0.845585
Recall:
0 0.927514
1 0.991104
2 0.645566
3 0.802525
4 0.742314
5 0.652594
6 0.903916
7 0.851712
8 0.661493
9 0.83162
Promedio Recall:
0.801036
F1-Score:
0 0.928316
1 0.708442
2 0.775224
3 0.80865
4 0.819239
5 0.758153
6 0.893987
7 0.860518
8 0.769313
9 0.744476
Promedio F1-Score:
0.806632
Hitrate:
Promedio Hitrate:
0.804122
MatConf: 
[459,2,0,0,0,6,21,1,0,5,]
[0,553,0,2,0,0,1,1,1,0,]
[10,124,351,3,8,2,6,21,13,7,]
[2,52,8,385,1,4,4,2,9,13,]
[0,28,0,0,354,0,5,2,0,88,]
[6,66,0,40,0,306,16,2,4,29,]
[7,32,0,0,5,5,467,0,0,0,]
[0,50,0,0,2,0,1,430,0,22,]
[3,71,0,34,5,13,5,3,316,27,]
[6,21,1,6,12,0,1,32,0,398,]
Iteracion: 16 k: 165
Presicion:
0 0.928946
1 0.544571
2 0.972062
3 0.812418
4 0.910536
5 0.91574
6 0.884825
7 0.863636
8 0.923742
9 0.670595
Promedio Presicion:
0.842707
Recall:
0 0.923359
1 0.991104
2 0.637326
3 0.800541
4 0.740633
5 0.640226
6 0.900321
7 0.845676
8 0.652536
9 0.829552
Promedio Recall:
0.796127
F1-Score:
0 0.925923
1 0.702067
2 0.768254
3 0.804554
4 0.815927
5 0.751413
6 0.892098
7 0.854435
8 0.763793
9 0.741163
Promedio F1-Score:
0.801963
Hitrate:
Promedio Hitrate:
0.79932
MatConf: 
[457,2,0,0,0,6,22,2,0,5,]
[0,553,0,2,0,0,1,1,1,0,]
[12,126,347,3,9,1,5,22,14,6,]
[1,54,8,384,1,4,4,2,8,14,]
[0,28,0,0,353,0,5,3,0,88,]
[6,69,0,43,1,300,16,1,3,30,]
[7,34,0,0,5,5,465,0,0,0,]
[0,51,0,0,2,0,1,427,0,24,]
[3,74,1,35,5,12,5,3,312,27,]
[5,22,1,6,12,0,1,33,0,397,]
Iteracion: 17 k: 175
Presicion:
0 0.927018
1 0.537468
2 0.969461
3 0.812497
4 0.909373
5 0.917331
6 0.874388
7 0.857926
8 0.920996
9 0.667412
Promedio Presicion:
0.839387
Recall:
0 0.921161
1 0.991104
2 0.634297
3 0.792351
4 0.729863
5 0.622693
6 0.89427
7 0.845833
8 0.656191
9 0.823192
Promedio Recall:
0.791096
F1-Score:
0 0.92378
1 0.696187
2 0.765084
3 0.800107
4 0.80909
5 0.739192
6 0.883447
7 0.851632
8 0.765194
9 0.736768
Promedio F1-Score:
0.797048
Hitrate:
Promedio Hitrate:
0.794518
MatConf: 
[456,2,0,0,0,6,23,2,0,5,]
[0,553,1,1,0,0,1,1,1,0,]
[12,127,345,3,10,1,7,22,13,5,]
[2,55,8,380,1,4,4,2,10,14,]
[0,30,0,0,348,0,7,2,0,90,]
[6,74,0,43,1,292,17,1,3,32,]
[7,37,0,0,5,5,462,0,0,0,]
[0,52,0,0,2,0,1,427,0,23,]
[3,74,1,35,4,11,5,4,314,26,]
[5,22,1,6,12,0,1,36,0,394,]
Iteracion: 18 k: 185
Presicion:
0 0.924911
1 0.532255
2 0.969494
3 0.814555
4 0.909522
5 0.913178
6 0.879576
7 0.85361
8 0.922706
9 0.665541
Promedio Presicion:
0.838535
Recall:
0 0.919256
1 0.991104
2 0.63585
3 0.792614
4 0.729907
5 0.616511
6 0.894429
7 0.841447
8 0.650346
9 0.819107
Promedio Recall:
0.789057
F1-Score:
0 0.921858
1 0.691735
2 0.766141
3 0.801306
4 0.808806
5 0.733403
6 0.886379
7 0.847281
8 0.761903
9 0.73397
Promedio F1-Score:
0.795278
Hitrate:
Promedio Hitrate:
0.792517
MatConf: 
[455,2,0,0,0,7,23,2,0,5,]
[0,553,1,1,0,0,1,1,1,0,]
[12,127,346,3,10,1,7,22,12,5,]
[1,56,8,380,1,4,4,2,10,14,]
[0,31,0,0,348,0,5,3,0,90,]
[8,75,0,44,1,289,16,1,3,32,]
[6,39,0,0,4,5,462,0,0,0,]
[0,52,0,0,2,0,1,425,0,25,]
[4,78,1,33,4,11,5,5,311,25,]
[5,23,1,6,13,0,1,36,0,392,]
Iteracion: 19 k: 195
Presicion:
0 0.923401
1 0.52273
2 0.969209
3 0.812074
4 0.904813
5 0.914212
6 0.88108
7 0.858311
8 0.920164
9 0.659563
Promedio Presicion:
0.836556
Recall:
0 0.919256
1 0.991104
2 0.630958
3 0.789018
4 0.727609
5 0.595291
6 0.892597
7 0.839567
8 0.635356
9 0.819107
Promedio Recall:
0.783987
F1-Score:
0 0.92101
1 0.683742
2 0.762701
3 0.798396
4 0.805759
5 0.718086
6 0.886274
7 0.848647
8 0.750234
9 0.73041
Promedio F1-Score:
0.790526
Hitrate:
Promedio Hitrate:
0.787715
MatConf: 
[455,2,0,0,0,7,23,2,0,5,]
[0,553,1,1,0,0,1,1,1,0,]
[12,130,344,3,10,1,6,21,13,5,]
[1,59,8,378,1,4,4,2,9,14,]
[0,31,0,0,347,0,4,3,0,92,]
[9,79,0,45,1,279,17,1,4,34,]
[6,39,0,0,5,5,461,0,0,0,]
[0,53,0,0,2,0,1,424,0,25,]
[4,85,1,33,5,10,5,4,304,26,]
[5,24,1,6,13,0,1,35,0,392,]
