Iteracion 0 Alpha 10
Presicion
0 0.718115
1 0.969032
2 0.859487
3 0.734753
4 0.815066
5 0.89539
6 0.86805
7 0.901263
8 0.542211
9 0.650253
10 0.795362
Recall
0 0.963484
1 0.951113
2 0.896237
3 0.758466
4 0.612636
5 0.422323
6 0.904609
7 0.785226
8 0.832355
9 0.592025
10 0.771847
F1-Score
0 0.821347
1 0.959628
2 0.876262
3 0.743221
4 0.69873
5 0.573157
6 0.885602
7 0.836838
8 0.656242
9 0.619193
10 0.767022
Hitrate
0 0.7778
MatConf 
|476 0 4 1 0 3 7 0 3 0 |
|0 530 3 4 0 0 7 1 12 1 |
|23 0 487 4 5 0 8 5 12 1 |
|12 4 10 363 0 10 2 4 75 0 |
|14 1 12 9 292 0 18 8 21 102 |
|73 4 6 48 7 199 19 1 103 9 |
|32 0 12 1 2 0 467 0 2 0 |
|8 3 23 5 2 3 1 395 27 39 |
|11 2 6 47 3 3 7 1 397 0 |
|19 3 3 14 48 4 2 23 79 283 |
Iteracion 1 Alpha 20
Presicion
0 0.853727
1 0.962499
2 0.915898
3 0.817431
4 0.925498
5 0.959737
6 0.91727
7 0.953147
8 0.789799
9 0.782694
10 0.88777
Recall
0 0.989836
1 0.97202
2 0.911663
3 0.888194
4 0.787089
5 0.736895
6 0.96908
7 0.854137
8 0.859064
9 0.848003
10 0.881598
F1-Score
0 0.916548
1 0.967118
2 0.913569
3 0.84994
4 0.850632
5 0.833099
6 0.942275
7 0.900746
8 0.822432
9 0.814023
10 0.881038
Hitrate
0 0.8846
MatConf 
|489 0 0 0 0 0 2 0 2 1 |
|0 542 4 1 0 0 3 1 6 1 |
|15 5 497 3 5 0 3 4 12 1 |
|6 3 9 426 0 6 2 2 25 1 |
|7 1 4 0 376 0 15 0 5 69 |
|20 2 2 40 5 346 10 0 36 8 |
|10 0 0 0 2 0 500 0 4 0 |
|7 6 16 7 3 0 1 431 4 31 |
|8 2 4 34 2 6 8 3 410 0 |
|11 2 6 10 13 3 1 11 15 406 |
Iteracion 2 Alpha 30
Presicion
0 0.862968
1 0.973181
2 0.945038
3 0.851864
4 0.949757
5 0.961572
6 0.924071
7 0.953499
8 0.840373
9 0.818836
10 0.908116
Recall
0 0.987699
1 0.977311
2 0.926703
3 0.905608
4 0.828295
5 0.790832
6 0.97054
7 0.884824
8 0.891791
9 0.875745
10 0.903935
F1-Score
0 0.92089
1 0.975124
2 0.935575
3 0.876835
4 0.884587
5 0.867163
6 0.94669
7 0.917768
8 0.863921
9 0.8463
10 0.903485
Hitrate
0 0.906
MatConf 
|488 0 0 0 0 0 3 0 2 1 |
|0 545 1 1 0 0 5 0 6 0 |
|13 2 505 4 2 0 2 4 11 2 |
|7 3 8 434 0 5 1 2 19 1 |
|7 1 3 0 396 0 11 2 3 54 |
|15 2 3 35 2 370 9 0 29 4 |
|10 0 0 0 2 1 501 0 2 0 |
|6 4 10 4 2 0 1 447 2 30 |
|8 1 1 24 1 7 8 2 425 0 |
|12 2 3 7 12 2 1 12 8 419 |
Iteracion 3 Alpha 40
Presicion
0 0.864607
1 0.959189
2 0.950858
3 0.865307
4 0.961094
5 0.964657
6 0.936275
7 0.954869
8 0.858662
9 0.822002
10 0.913752
Recall
0 0.987699
1 0.979377
2 0.928968
3 0.90987
4 0.844023
5 0.816637
6 0.970751
7 0.881487
8 0.894333
9 0.885295
10 0.909844
F1-Score
0 0.921839
1 0.969038
2 0.939607
3 0.885888
4 0.89875
5 0.884475
6 0.953168
7 0.916601
8 0.87499
9 0.85236
10 0.909672
Hitrate
0 0.9116
MatConf 
|488 0 0 0 0 0 3 0 2 1 |
|0 546 1 2 0 0 3 0 5 1 |
|13 4 506 4 1 0 2 4 10 1 |
|7 3 7 436 0 5 1 2 18 1 |
|7 1 3 1 403 0 10 2 0 50 |
|12 4 2 29 0 383 8 0 26 5 |
|11 0 0 0 2 1 501 0 1 0 |
|6 5 10 4 2 0 1 445 1 32 |
|9 3 2 21 2 6 6 2 426 0 |
|12 3 1 8 9 2 0 11 8 424 |
Iteracion 4 Alpha 50
Presicion
0 0.866307
1 0.964007
2 0.950943
3 0.862854
4 0.959871
5 0.960318
6 0.936315
7 0.962875
8 0.839656
9 0.827708
10 0.913085
Recall
0 0.989836
1 0.977676
2 0.928687
3 0.900131
4 0.856446
5 0.810685
6 0.972964
7 0.880909
8 0.888493
9 0.888013
10 0.909384
F1-Score
0 0.923768
1 0.970657
2 0.939499
3 0.879942
4 0.905144
5 0.879006
6 0.954203
7 0.919959
8 0.861921
9 0.856756
10 0.909085
Hitrate
0 0.911
MatConf 
|489 0 0 0 0 0 2 0 2 1 |
|0 545 2 2 0 0 3 0 5 1 |
|12 4 506 4 1 0 2 4 11 1 |
|7 3 8 431 0 6 1 2 21 1 |
|8 1 1 0 409 0 10 0 1 47 |
|12 2 0 29 1 380 8 0 32 5 |
|9 0 0 0 2 1 502 0 2 0 |
|6 4 10 3 4 0 1 445 1 32 |
|9 3 3 23 1 7 7 1 423 0 |
|13 3 2 8 8 2 0 10 7 425 |
Iteracion 5 Alpha 60
Presicion
0 0.870054
1 0.967597
2 0.956623
3 0.875475
4 0.958093
5 0.967225
6 0.930947
7 0.963008
8 0.862701
9 0.826433
10 0.917816
Recall
0 0.987699
1 0.980901
2 0.933836
3 0.900233
4 0.865021
5 0.821284
6 0.971126
7 0.881336
8 0.904461
9 0.900758
10 0.914666
F1-Score
0 0.925066
1 0.974066
2 0.944991
3 0.886751
4 0.909135
5 0.888159
6 0.950452
7 0.920217
8 0.882127
9 0.861969
10 0.914293
Hitrate
0 0.9162
MatConf 
|488 0 0 0 0 0 3 0 2 1 |
|0 547 1 2 0 0 4 0 3 1 |
|12 3 509 2 1 0 2 4 11 1 |
|7 3 7 431 0 8 1 1 21 1 |
|8 1 1 0 413 0 8 1 0 45 |
|11 1 0 28 1 385 10 0 25 8 |
|11 0 0 0 2 0 501 0 2 0 |
|5 4 10 3 4 0 1 445 1 33 |
|8 3 2 19 2 3 8 1 431 0 |
|11 3 2 7 8 2 0 10 4 431 |
Iteracion 6 Alpha 70
Presicion
0 0.87337
1 0.965541
2 0.956014
3 0.875554
4 0.962282
5 0.957931
6 0.926451
7 0.963103
8 0.847017
9 0.819395
10 0.914666
Recall
0 0.989836
1 0.979201
2 0.927023
3 0.897533
4 0.858263
5 0.810719
6 0.97706
7 0.88294
8 0.896198
9 0.894467
10 0.911324
F1-Score
0 0.927867
1 0.972186
2 0.941221
3 0.885761
4 0.907211
5 0.877947
6 0.950859
7 0.921178
8 0.870114
9 0.855205
10 0.910955
Hitrate
0 0.913
MatConf 
|489 0 0 0 0 0 2 0 2 1 |
|0 546 2 1 0 0 5 0 3 1 |
|12 4 505 2 1 0 2 4 14 1 |
|8 3 6 430 0 9 1 1 20 2 |
|7 1 2 0 410 0 9 1 0 47 |
|11 1 0 26 1 380 12 0 30 8 |
|8 0 0 0 2 1 504 0 1 0 |
|5 4 10 3 3 0 1 446 1 33 |
|8 3 1 23 1 4 8 1 427 1 |
|12 3 2 6 8 3 0 10 6 428 |
Iteracion 7 Alpha 80
Presicion
0 0.873357
1 0.960333
2 0.956344
3 0.884057
4 0.964371
5 0.960574
6 0.926213
7 0.961199
8 0.862549
9 0.820654
10 0.916965
Recall
0 0.989836
1 0.979201
2 0.927304
3 0.905933
4 0.858324
5 0.823461
6 0.973159
7 0.880513
8 0.898373
9 0.900769
10 0.913687
F1-Score
0 0.927873
1 0.96956
2 0.941557
3 0.894225
4 0.908193
5 0.886659
6 0.948915
7 0.919009
8 0.879355
9 0.858691
10 0.913404
Hitrate
0 0.9152
MatConf 
|489 1 0 0 0 0 2 0 1 1 |
|0 546 2 1 0 0 5 0 3 1 |
|13 4 505 2 1 0 2 4 13 1 |
|6 3 8 434 0 9 1 1 17 1 |
|7 1 1 0 410 0 10 1 0 47 |
|11 1 0 24 1 386 11 0 27 8 |
|9 0 0 0 2 1 502 0 2 0 |
|5 4 10 3 3 0 1 445 1 34 |
|8 4 1 21 2 3 8 1 428 1 |
|12 4 1 6 6 3 0 11 4 431 |
Iteracion 8 Alpha 90
Presicion
0 0.863989
1 0.958477
2 0.95614
3 0.881263
4 0.966263
5 0.960518
6 0.934694
7 0.958654
8 0.853276
9 0.817391
10 0.915067
Recall
0 0.989836
1 0.980901
2 0.922155
3 0.898645
4 0.852508
5 0.820864
6 0.972978
7 0.88294
8 0.895889
9 0.89882
10 0.911554
F1-Score
0 0.922535
1 0.969449
2 0.938776
3 0.889287
4 0.905798
5 0.885089
6 0.953353
7 0.919132
8 0.873467
9 0.856053
10 0.911294
Hitrate
0 0.9132
MatConf 
|489 1 0 0 0 0 2 0 1 1 |
|0 547 1 1 0 0 5 0 3 1 |
|14 5 502 2 2 0 1 4 14 1 |
|7 3 8 431 0 9 1 1 18 2 |
|8 1 1 1 407 0 8 2 0 49 |
|12 1 0 23 1 385 9 0 30 8 |
|10 0 0 0 2 1 502 0 1 0 |
|5 4 10 3 3 0 1 446 1 33 |
|8 4 2 22 0 3 8 2 427 1 |
|13 4 1 6 6 3 0 10 5 430 |
Iteracion 9 Alpha 100
Presicion
0 0.871726
1 0.958449
2 0.95807
3 0.885859
4 0.965698
5 0.960697
6 0.931164
7 0.961127
8 0.863183
9 0.817616
10 0.917359
Recall
0 0.989836
1 0.979377
2 0.927023
3 0.907149
4 0.853963
5 0.825461
6 0.970945
7 0.88294
8 0.902964
9 0.900921
10 0.914058
F1-Score
0 0.926961
1 0.968665
2 0.942267
3 0.895963
4 0.906272
5 0.88784
6 0.950535
7 0.920301
8 0.882006
9 0.857065
10 0.913787
Hitrate
0 0.9156
MatConf 
|489 1 0 0 0 0 2 0 1 1 |
|0 546 1 1 0 0 5 0 4 1 |
|11 5 505 2 2 0 2 4 13 1 |
|7 3 8 435 0 8 1 1 15 2 |
|7 1 2 0 408 0 8 2 0 49 |
|10 1 0 24 1 387 10 0 28 8 |
|11 0 0 0 2 1 501 0 1 0 |
|5 4 10 4 2 0 1 446 1 33 |
|9 4 0 19 1 4 8 1 430 1 |
|12 4 1 6 6 3 0 10 5 431 |
Iteracion 10 Alpha 110
Presicion
0 0.876161
1 0.958399
2 0.957919
3 0.869529
4 0.962347
5 0.955113
6 0.931273
7 0.953263
8 0.862651
9 0.806435
10 0.913309
Recall
0 0.987699
1 0.979201
2 0.924057
3 0.899908
4 0.845234
5 0.810088
6 0.972978
7 0.881965
8 0.898865
9 0.896568
10 0.909656
F1-Score
0 0.928545
1 0.968573
2 0.940624
3 0.883617
4 0.899655
5 0.876452
6 0.951507
7 0.916197
8 0.879648
9 0.848575
10 0.909339
Hitrate
0 0.9114
MatConf 
|488 0 0 0 0 0 3 0 2 1 |
|0 546 2 1 0 0 5 0 3 1 |
|12 5 503 2 2 0 2 5 13 1 |
|7 3 8 431 0 10 1 1 15 4 |
|6 1 1 1 404 0 7 2 0 55 |
|12 1 0 26 1 380 10 0 30 9 |
|10 0 0 0 2 1 502 0 1 0 |
|4 5 11 5 1 0 1 446 1 32 |
|6 4 0 24 1 4 8 1 428 1 |
|12 4 0 6 8 3 0 13 3 429 |
Iteracion 11 Alpha 120
Presicion
0 0.876423
1 0.958399
2 0.95661
3 0.880327
4 0.968413
5 0.960283
6 0.934535
7 0.959333
8 0.859227
9 0.818106
10 0.917165
Recall
0 0.989836
1 0.979201
2 0.930793
3 0.903315
4 0.859268
5 0.818862
6 0.970945
7 0.884392
8 0.898432
9 0.903184
10 0.913823
F1-Score
0 0.929661
1 0.968573
2 0.943514
3 0.891163
4 0.910444
5 0.883833
6 0.952318
7 0.920319
8 0.877685
9 0.858304
10 0.913581
Hitrate
0 0.9154
MatConf 
|489 1 0 0 0 0 2 0 1 1 |
|0 546 2 1 0 0 5 0 3 1 |
|10 5 507 2 2 0 2 4 12 1 |
|7 3 8 433 0 8 1 1 17 2 |
|7 1 1 1 410 0 7 2 0 48 |
|12 1 0 23 1 384 9 0 31 8 |
|11 0 0 0 2 1 501 0 1 0 |
|4 4 10 4 1 0 1 447 1 34 |
|8 4 1 22 0 4 8 1 428 1 |
|10 4 1 6 7 3 0 11 4 432 |
Iteracion 12 Alpha 130
Presicion
0 0.873373
1 0.958477
2 0.960122
3 0.883576
4 0.963921
5 0.962494
6 0.932899
7 0.959332
8 0.861578
9 0.824627
10 0.91804
Recall
0 0.989836
1 0.980901
2 0.929695
3 0.905098
4 0.858721
5 0.819298
6 0.970945
7 0.88694
8 0.902656
9 0.905437
10 0.914953
F1-Score
0 0.927909
1 0.969449
2 0.944622
3 0.893611
4 0.908192
5 0.884939
6 0.951462
7 0.921652
8 0.880905
9 0.862949
10 0.914569
Hitrate
0 0.9164
MatConf 
|489 1 0 0 0 0 2 0 1 1 |
|0 547 2 1 0 0 5 0 2 1 |
|11 5 506 2 2 0 1 5 12 1 |
|7 3 8 434 0 8 1 1 16 2 |
|7 1 1 1 410 0 8 2 0 47 |
|12 1 0 22 1 384 10 0 31 8 |
|11 0 0 0 2 1 501 0 1 0 |
|5 4 10 4 2 0 1 448 1 31 |
|8 4 0 21 1 3 8 1 430 1 |
|10 4 0 6 7 3 0 10 5 433 |
Iteracion 13 Alpha 140
Presicion
0 0.878112
1 0.958449
2 0.958416
3 0.881183
4 0.961471
5 0.96261
6 0.931242
7 0.955532
8 0.859174
9 0.822529
10 0.916872
Recall
0 0.989836
1 0.979377
2 0.931277
3 0.899073
4 0.856783
5 0.821686
6 0.972784
7 0.889247
8 0.898432
9 0.900932
10 0.913943
F1-Score
0 0.9306
1 0.968665
2 0.944626
3 0.88956
4 0.905994
5 0.886444
6 0.951478
7 0.921144
8 0.877619
9 0.859623
10 0.913575
Hitrate
0 0.9154
MatConf 
|489 1 0 0 0 0 2 0 1 1 |
|0 546 2 1 0 0 5 0 3 1 |
|10 5 507 2 2 0 1 6 11 1 |
|8 3 8 431 0 8 1 1 18 2 |
|7 1 1 1 409 0 8 2 0 48 |
|11 1 0 22 1 385 11 0 30 8 |
|10 0 0 0 2 1 502 0 1 0 |
|4 4 10 4 2 0 1 449 1 31 |
|8 4 1 22 1 3 8 1 428 1 |
|10 4 0 6 8 3 0 11 5 431 |
Iteracion 14 Alpha 150
Presicion
0 0.882876
1 0.958399
2 0.956593
3 0.873798
4 0.956933
5 0.959647
6 0.934651
7 0.952942
8 0.864293
9 0.814696
10 0.915483
Recall
0 0.987699
1 0.979201
2 0.933343
3 0.897208
4 0.860933
5 0.817509
6 0.974635
7 0.879247
8 0.898308
9 0.898983
10 0.912706
F1-Score
0 0.932261
1 0.968573
2 0.944764
3 0.884875
4 0.906314
5 0.882587
6 0.954146
7 0.914529
8 0.880393
9 0.854508
10 0.912295
Hitrate
0 0.9142
MatConf 
|488 1 0 0 0 0 3 0 1 1 |
|0 546 2 1 0 0 5 0 3 1 |
|8 5 508 2 1 0 1 7 12 1 |
|8 3 8 430 0 10 1 1 16 3 |
|7 1 1 1 411 0 6 2 0 48 |
|11 1 0 27 1 383 9 0 29 8 |
|9 0 0 0 2 1 503 0 1 0 |
|4 4 10 4 3 0 1 444 1 35 |
|9 4 2 21 0 2 9 1 428 1 |
|9 4 0 6 11 3 0 11 4 430 |
Iteracion 15 Alpha 160
Presicion
0 0.882892
1 0.958371
2 0.958298
3 0.878241
4 0.961274
5 0.967113
6 0.936499
7 0.95555
8 0.855837
9 0.814888
10 0.916896
Recall
0 0.989836
1 0.977676
2 0.927507
3 0.905201
4 0.848845
5 0.819717
6 0.974635
7 0.892971
8 0.898616
9 0.903184
10 0.913819
F1-Score
0 0.93328
1 0.967789
2 0.942626
3 0.891041
4 0.901495
5 0.887025
6 0.955143
7 0.923115
8 0.875821
9 0.8566
10 0.913394
Hitrate
0 0.9152
MatConf 
|489 1 0 0 0 0 2 0 1 1 |
|0 545 2 1 0 0 5 0 4 1 |
|10 5 505 2 2 0 1 7 12 1 |
|7 3 8 434 0 7 1 1 16 3 |
|7 1 1 1 405 0 7 2 0 53 |
|10 1 0 25 1 384 9 0 31 8 |
|9 0 0 0 2 1 503 0 1 0 |
|4 4 9 4 2 0 1 451 1 30 |
|9 4 2 21 1 2 8 1 428 1 |
|9 4 0 6 8 3 0 10 6 432 |
Iteracion 16 Alpha 170
Presicion
0 0.87362
1 0.956865
2 0.958146
3 0.883681
4 0.961745
5 0.967122
6 0.933124
7 0.957471
8 0.85912
9 0.81813
10 0.916903
Recall
0 0.989836
1 0.977676
2 0.925843
3 0.901367
4 0.854843
5 0.819493
6 0.976668
7 0.890971
8 0.898432
9 0.901246
10 0.913638
F1-Score
0 0.928042
1 0.967044
2 0.941688
3 0.891676
4 0.905006
5 0.887049
6 0.95426
7 0.922963
8 0.877533
9 0.857388
10 0.913265
Hitrate
0 0.915
MatConf 
|489 1 0 0 0 0 2 0 1 1 |
|0 545 2 1 0 0 5 0 4 1 |
|11 5 504 2 2 0 2 6 12 1 |
|8 3 8 432 0 8 1 1 16 3 |
|7 1 1 1 408 0 7 2 0 50 |
|11 1 0 23 1 384 11 0 30 8 |
|9 0 0 0 2 0 504 0 1 0 |
|4 4 9 4 2 0 1 450 1 31 |
|11 5 2 20 0 2 7 1 428 1 |
|10 4 0 6 9 3 0 10 5 431 |
Iteracion 17 Alpha 180
Presicion
0 0.878112
1 0.958399
2 0.956387
3 0.883714
4 0.959117
5 0.964873
6 0.934897
7 0.955613
8 0.85738
9 0.819088
10 0.916758
Recall
0 0.989836
1 0.979201
2 0.929491
3 0.899073
4 0.85251
5 0.819298
6 0.976668
7 0.893247
8 0.896567
9 0.901095
10 0.913699
F1-Score
0 0.9306
1 0.968573
2 0.942702
3 0.890657
4 0.902565
5 0.885886
6 0.955243
7 0.923257
8 0.875639
9 0.857909
10 0.913303
Hitrate
0 0.9152
MatConf 
|489 1 0 0 0 0 2 0 1 1 |
|0 546 2 1 0 0 5 0 3 1 |
|10 5 506 2 2 0 1 7 11 1 |
|8 3 8 431 0 8 1 1 17 3 |
|7 1 1 1 407 0 7 2 0 51 |
|12 1 0 21 1 384 10 0 32 8 |
|8 0 0 0 2 1 504 0 1 0 |
|4 4 10 4 2 0 1 451 1 29 |
|9 4 2 22 1 2 8 1 427 1 |
|10 4 0 6 9 3 0 10 5 431 |
Iteracion 18 Alpha 190
Presicion
0 0.879446
1 0.956782
2 0.96036
3 0.875246
4 0.96196
5 0.964514
6 0.934916
7 0.959214
8 0.854293
9 0.817072
10 0.91638
Recall
0 0.987699
1 0.977676
2 0.929293
3 0.899073
4 0.860993
5 0.810717
6 0.976685
7 0.886971
8 0.895826
9 0.903033
10 0.912797
F1-Score
0 0.930399
1 0.966982
2 0.944558
3 0.886445
4 0.9086
5 0.880692
6 0.955319
7 0.921596
8 0.873319
9 0.857482
10 0.912539
Hitrate
0 0.9144
MatConf 
|488 1 0 0 0 0 3 0 1 1 |
|0 545 2 1 0 0 5 0 4 1 |
|10 5 506 2 1 0 1 6 13 1 |
|8 3 8 431 0 8 1 1 17 3 |
|7 1 1 1 411 0 5 1 0 50 |
|12 1 0 25 1 380 10 0 32 8 |
|8 0 0 0 2 1 504 0 1 0 |
|4 5 9 3 3 0 1 448 1 32 |
|8 4 1 24 0 2 9 1 427 1 |
|10 4 0 6 9 3 0 10 4 432 |
Iteracion 19 Alpha 200
Presicion
0 0.884841
1 0.955277
2 0.963459
3 0.853984
4 0.957055
5 0.968642
6 0.939781
7 0.963182
8 0.825441
9 0.785547
10 0.909721
Recall
0 0.989836
1 0.977676
2 0.90965
3 0.902907
4 0.816623
5 0.805068
6 0.971156
7 0.863398
8 0.898432
9 0.89268
10 0.902743
F1-Score
0 0.934323
1 0.966236
2 0.93527
3 0.876334
4 0.879278
5 0.87892
6 0.955056
7 0.909381
8 0.858733
9 0.834288
10 0.902782
Hitrate
0 0.9046
MatConf 
|489 0 0 0 0 0 2 0 2 1 |
|0 545 1 1 0 0 5 0 5 1 |
|12 5 495 4 1 0 1 6 20 1 |
|7 3 8 433 0 7 1 1 17 3 |
|6 2 0 1 391 0 5 2 2 68 |
|8 1 0 27 1 378 11 0 35 8 |
|10 0 0 0 2 2 501 0 1 0 |
|4 7 8 8 2 0 1 436 1 39 |
|7 4 1 29 0 1 6 1 428 0 |
|10 3 1 8 11 2 0 7 9 427 |
