Iteracion 0 k 5
Presicion
0 0.95131
1 0.87564
2 0.969868
3 0.914593
4 0.929908
5 0.930088
6 0.951779
7 0.92042
8 0.961988
9 0.859881
10 0.926547
Recall
0 0.985788
1 0.987717
2 0.904449
3 0.926196
4 0.900255
5 0.916867
6 0.977271
7 0.928253
8 0.822286
9 0.889781
10 0.923886
F1-Score
0 0.968181
1 0.928132
2 0.935986
3 0.920128
4 0.914815
5 0.923213
6 0.964232
7 0.924131
8 0.886656
9 0.874262
10 0.923974
Hitrate
0 0.9252
MatConf 
|487 0 0 0 0 0 5 1 1 0 |
|0 551 1 1 0 0 2 1 1 1 |
|5 20 493 4 2 0 0 13 5 3 |
|2 4 9 445 1 7 2 1 6 3 |
|0 9 0 0 430 1 4 1 0 32 |
|5 5 0 11 0 430 8 1 1 8 |
|6 0 0 0 2 4 504 0 0 0 |
|0 17 0 0 5 1 0 469 1 13 |
|4 18 3 22 5 16 4 3 392 10 |
|3 4 2 3 17 3 1 19 1 425 |
Iteracion 1 k 15
Presicion
0 0.946998
1 0.815655
2 0.978229
3 0.906497
4 0.948297
5 0.920806
6 0.943527
7 0.89144
8 0.951469
9 0.822658
10 0.912557
Recall
0 0.977817
1 0.987717
2 0.857172
3 0.913054
4 0.883685
5 0.891703
6 0.97501
7 0.911958
8 0.798626
9 0.874773
10 0.907151
F1-Score
0 0.96212
1 0.893015
2 0.913643
3 0.909396
4 0.914684
5 0.905734
6 0.95889
7 0.900826
8 0.868186
9 0.847708
10 0.90742
Hitrate
0 0.9082
MatConf 
|483 0 0 0 0 1 7 1 1 1 |
|0 551 1 1 0 0 2 1 1 1 |
|5 32 467 6 2 1 0 21 8 3 |
|2 10 6 438 2 6 2 1 7 6 |
|0 10 0 0 422 0 4 2 0 39 |
|4 12 0 11 0 418 9 1 1 13 |
|6 2 0 0 2 3 503 0 0 0 |
|0 26 1 0 1 1 1 460 1 15 |
|6 23 1 23 3 22 4 2 381 12 |
|4 8 1 4 13 2 1 26 1 418 |
Iteracion 2 k 25
Presicion
0 0.941036
1 0.789189
2 0.979715
3 0.898195
4 0.945927
5 0.917833
6 0.923717
7 0.886796
8 0.948649
9 0.810928
10 0.904199
Recall
0 0.969742
1 0.987717
2 0.829808
3 0.900186
4 0.872862
5 0.875156
6 0.963549
7 0.904163
8 0.784155
9 0.880587
10 0.896792
F1-Score
0 0.955154
1 0.876755
2 0.898472
3 0.898737
4 0.907727
5 0.895475
6 0.942952
7 0.894338
8 0.858386
9 0.844218
10 0.897221
Hitrate
0 0.8978
MatConf 
|479 0 0 0 0 1 12 1 0 1 |
|0 551 1 1 0 0 2 2 1 0 |
|7 41 452 6 3 2 1 20 9 4 |
|2 10 6 432 1 7 3 2 10 7 |
|0 12 0 0 417 1 4 3 0 40 |
|4 13 0 12 0 410 13 3 1 13 |
|5 7 0 0 3 4 497 0 0 0 |
|0 29 0 0 2 1 1 456 0 17 |
|6 26 1 26 2 19 5 2 374 16 |
|6 7 1 4 13 2 0 24 0 421 |
Iteracion 3 k 35
Presicion
0 0.939362
1 0.754365
2 0.979252
3 0.875717
4 0.941694
5 0.928908
6 0.923399
7 0.894144
8 0.944965
9 0.797176
10 0.897898
Recall
0 0.969877
1 0.987717
2 0.804587
3 0.895377
4 0.862653
5 0.848672
6 0.953741
7 0.901892
8 0.771792
9 0.880424
10 0.887673
F1-Score
0 0.954345
1 0.854507
2 0.883175
3 0.885238
4 0.900414
5 0.886054
6 0.93802
7 0.897535
8 0.849353
9 0.836731
10 0.888537
Hitrate
0 0.8886
MatConf 
|479 0 0 0 0 2 10 1 1 1 |
|0 551 1 1 0 0 2 2 1 0 |
|9 51 438 7 7 2 0 17 10 4 |
|1 14 5 430 1 7 3 3 9 7 |
|0 14 1 0 412 1 5 0 0 44 |
|4 17 0 18 0 397 16 1 1 15 |
|6 12 0 0 3 3 492 0 0 0 |
|0 31 0 0 1 1 1 455 0 17 |
|6 31 1 29 3 14 3 3 368 19 |
|5 7 1 6 10 1 1 26 0 421 |
Iteracion 4 k 45
Presicion
0 0.93169
1 0.718494
2 0.980841
3 0.867002
4 0.942155
5 0.918264
6 0.92895
7 0.886453
8 0.94896
9 0.772907
10 0.889572
Recall
0 0.965781
1 0.990942
2 0.781152
3 0.88458
4 0.83793
5 0.837448
6 0.942279
7 0.882773
8 0.757625
9 0.876373
10 0.875688
F1-Score
0 0.94841
1 0.831948
2 0.869384
3 0.875379
4 0.886873
5 0.875435
6 0.935289
7 0.883744
8 0.842502
9 0.821354
10 0.877032
Hitrate
0 0.8766
MatConf 
|477 0 0 1 0 2 12 1 0 1 |
|0 553 1 1 0 0 1 1 1 0 |
|10 63 425 4 7 3 1 18 10 4 |
|1 19 5 425 1 7 3 2 8 9 |
|0 15 1 0 400 1 5 1 0 54 |
|4 24 0 21 0 392 11 1 1 15 |
|8 12 0 0 4 5 486 1 0 0 |
|0 37 1 0 1 1 1 445 0 20 |
|6 34 0 32 3 15 3 3 361 20 |
|6 10 0 6 8 1 0 28 0 419 |
Iteracion 5 k 55
Presicion
0 0.930817
1 0.693171
2 0.975434
3 0.861789
4 0.939177
5 0.918448
6 0.916276
7 0.874393
8 0.936635
9 0.744739
10 0.879088
Recall
0 0.953328
1 0.990942
2 0.76014
3 0.864331
4 0.822597
5 0.814933
6 0.938198
7 0.881049
8 0.731482
9 0.863466
10 0.862047
F1-Score
0 0.941873
1 0.814599
2 0.853984
3 0.862805
4 0.876913
5 0.862764
6 0.926957
7 0.876846
8 0.821267
9 0.799686
10 0.863769
Hitrate
0 0.8632
MatConf 
|471 0 0 1 0 2 17 1 0 2 |
|0 553 1 1 0 0 1 1 1 0 |
|9 73 413 4 7 3 1 19 12 4 |
|1 23 6 415 1 6 3 3 9 13 |
|0 15 1 0 393 1 5 1 0 61 |
|4 27 0 22 0 381 13 1 2 19 |
|9 14 0 0 4 4 484 1 0 0 |
|0 37 1 0 1 1 1 444 0 21 |
|6 41 1 33 4 16 3 3 349 21 |
|6 12 0 5 8 1 0 33 0 413 |
Iteracion 6 k 65
Presicion
0 0.932411
1 0.669437
2 0.972479
3 0.858982
4 0.942377
5 0.909081
6 0.910892
7 0.879437
8 0.933424
9 0.738901
10 0.874742
Recall
0 0.949207
1 0.990942
2 0.740591
3 0.853534
4 0.813691
5 0.786802
6 0.932669
7 0.882502
8 0.727876
9 0.867353
10 0.854517
F1-Score
0 0.940652
1 0.797295
2 0.840074
3 0.855878
4 0.873301
5 0.842438
6 0.921439
7 0.880187
8 0.817648
9 0.797862
10 0.856677
Hitrate
0 0.8558
MatConf 
|469 0 0 1 0 4 17 1 0 2 |
|0 553 1 1 0 0 1 1 1 0 |
|9 83 402 4 7 3 2 18 12 5 |
|1 24 7 410 1 7 4 2 10 14 |
|0 16 1 0 389 1 5 2 0 63 |
|4 35 0 24 0 368 13 1 2 22 |
|9 16 0 0 4 5 481 1 0 0 |
|0 39 1 0 1 0 1 445 0 19 |
|5 44 1 32 4 16 3 4 347 21 |
|6 14 0 5 6 1 1 30 0 415 |
Iteracion 7 k 75
Presicion
0 0.930478
1 0.640756
2 0.971255
3 0.851827
4 0.933325
5 0.910646
6 0.908939
7 0.882747
8 0.937633
9 0.727223
10 0.869483
Recall
0 0.949359
1 0.990942
2 0.718951
3 0.841299
4 0.803266
5 0.762027
6 0.928799
7 0.87748
8 0.722037
9 0.855411
10 0.844957
F1-Score
0 0.93976
1 0.776472
2 0.825642
3 0.846068
4 0.863335
5 0.828956
6 0.918476
7 0.879321
8 0.815441
9 0.785885
10 0.847935
Hitrate
0 0.8464
MatConf 
|469 0 0 1 0 5 16 1 0 2 |
|0 553 1 1 0 0 1 1 1 0 |
|9 92 391 5 7 3 2 19 11 6 |
|2 31 7 404 1 7 4 2 9 13 |
|0 18 0 0 384 1 5 2 0 67 |
|5 42 0 25 0 357 15 1 2 22 |
|8 19 0 0 4 5 479 1 0 0 |
|0 40 1 0 1 0 1 442 0 21 |
|5 49 1 33 4 13 3 3 344 22 |
|6 17 1 5 10 1 1 28 0 409 |
Iteracion 8 k 85
Presicion
0 0.928369
1 0.624668
2 0.970802
3 0.851721
4 0.928048
5 0.912408
6 0.901704
7 0.882702
8 0.937623
9 0.715124
10 0.865317
Recall
0 0.943285
1 0.990942
2 0.704109
3 0.834991
4 0.790629
5 0.732121
6 0.923076
7 0.875445
8 0.727816
9 0.852996
10 0.837541
F1-Score
0 0.935651
1 0.764624
2 0.815469
3 0.842918
4 0.853602
5 0.811475
6 0.912043
7 0.878391
8 0.819167
9 0.777963
10 0.84113
Hitrate
0 0.8392
MatConf 
|466 0 0 1 0 5 19 1 0 2 |
|0 553 1 1 0 0 1 1 1 0 |
|9 100 383 5 8 2 2 19 11 6 |
|2 34 8 401 1 7 4 3 8 12 |
|0 19 0 0 378 1 5 2 0 72 |
|6 45 0 27 0 343 16 1 3 28 |
|8 22 0 0 4 5 476 1 0 0 |
|0 42 1 0 1 0 1 441 0 20 |
|5 51 0 30 5 12 3 2 347 22 |
|6 17 1 6 10 1 1 28 0 408 |
Iteracion 9 k 95
Presicion
0 0.928463
1 0.607311
2 0.967507
3 0.85095
4 0.927244
5 0.911987
6 0.900243
7 0.87832
8 0.930429
9 0.697464
10 0.859992
Recall
0 0.945238
1 0.990942
2 0.687773
3 0.821644
4 0.778603
5 0.720556
6 0.925108
7 0.871138
8 0.703211
9 0.846553
10 0.829077
F1-Score
0 0.936685
1 0.751593
2 0.803352
3 0.835758
4 0.846236
5 0.803534
6 0.912345
7 0.873917
8 0.800884
9 0.764758
10 0.832906
Hitrate
0 0.8306
MatConf 
|467 0 0 1 0 5 18 1 0 2 |
|0 553 1 1 0 0 1 1 1 0 |
|9 107 374 4 8 2 3 19 12 7 |
|2 39 8 394 1 6 4 4 8 14 |
|0 20 0 0 372 0 6 2 0 77 |
|6 48 0 29 0 337 15 1 4 29 |
|8 22 0 0 3 5 477 1 0 0 |
|0 43 1 0 1 0 1 439 0 21 |
|5 58 1 28 4 14 4 3 335 25 |
|6 18 1 6 12 1 1 28 0 405 |
Iteracion 10 k 105
Presicion
0 0.924662
1 0.589737
2 0.969036
3 0.840576
4 0.924291
5 0.916456
6 0.894153
7 0.87309
8 0.926572
9 0.690962
10 0.854954
Recall
0 0.941149
1 0.990942
2 0.669568
3 0.81513
4 0.772394
5 0.708057
6 0.917534
7 0.867138
8 0.69054
9 0.834262
10 0.820671
F1-Score
0 0.932678
1 0.738165
2 0.791161
3 0.827252
4 0.841444
5 0.796638
6 0.905518
7 0.869477
8 0.791159
9 0.755762
10 0.824926
Hitrate
0 0.8222
MatConf 
|465 0 0 1 0 5 20 1 0 2 |
|0 553 1 1 0 0 1 1 1 0 |
|10 114 364 4 8 2 4 20 12 7 |
|3 42 7 391 1 6 4 3 9 14 |
|0 22 0 0 369 0 6 2 0 78 |
|6 53 0 30 0 331 14 1 4 30 |
|8 26 0 0 4 5 473 0 0 0 |
|0 44 1 0 1 0 1 437 0 22 |
|5 60 1 33 4 12 5 3 329 25 |
|6 21 1 5 12 1 1 32 0 399 |
Iteracion 11 k 115
Presicion
0 0.925661
1 0.580717
2 0.968766
3 0.832402
4 0.923053
5 0.911632
6 0.889863
7 0.870902
8 0.929273
9 0.68285
10 0.851512
Recall
0 0.93513
1 0.990942
2 0.665518
3 0.81097
4 0.759694
5 0.688509
6 0.909973
7 0.865138
8 0.69452
9 0.830072
10 0.815047
F1-Score
0 0.930317
1 0.730942
2 0.788338
3 0.82126
4 0.833165
5 0.782168
6 0.899552
7 0.867375
8 0.794531
9 0.749245
10 0.819689
Hitrate
0 0.8168
MatConf 
|462 0 0 1 0 7 21 1 0 2 |
|0 553 0 2 0 0 1 1 1 0 |
|10 115 362 4 7 2 5 20 12 8 |
|2 45 8 389 1 6 4 3 8 14 |
|0 23 0 0 363 0 6 2 0 83 |
|8 56 0 32 0 322 14 1 4 32 |
|8 29 0 0 5 5 469 0 0 0 |
|0 45 1 0 1 0 1 436 0 22 |
|3 63 1 32 4 12 5 3 331 23 |
|6 21 1 7 12 0 1 33 0 397 |
Iteracion 12 k 125
Presicion
0 0.925414
1 0.563707
2 0.968438
3 0.823054
4 0.919459
5 0.916635
6 0.882918
7 0.870471
8 0.924106
9 0.680896
10 0.84751
Recall
0 0.930857
1 0.990942
2 0.658502
3 0.807033
4 0.745062
5 0.663558
6 0.907924
7 0.861107
8 0.667004
9 0.836352
10 0.806834
F1-Score
0 0.92808
1 0.717131
2 0.783134
3 0.814442
4 0.822901
5 0.767447
6 0.895025
7 0.865192
8 0.774459
9 0.750468
10 0.811828
Hitrate
0 0.8088
MatConf 
|460 0 0 1 0 6 24 1 0 2 |
|0 553 0 2 0 0 1 1 1 0 |
|11 118 358 4 8 2 5 21 12 6 |
|2 47 8 387 1 6 4 2 9 14 |
|0 27 0 0 356 0 6 2 0 86 |
|7 63 0 36 1 310 15 1 4 32 |
|7 32 0 0 5 4 468 0 0 0 |
|0 47 1 0 2 0 1 434 0 21 |
|4 71 1 34 4 11 5 3 318 26 |
|6 21 1 6 10 0 1 33 0 400 |
Iteracion 13 k 135
Presicion
0 0.926855
1 0.550506
2 0.97333
3 0.820414
4 0.917596
5 0.917085
6 0.885835
7 0.864748
8 0.91483
9 0.670444
10 0.844164
Recall
0 0.92684
1 0.990942
2 0.64501
3 0.795649
4 0.731421
5 0.648169
6 0.90404
7 0.857383
8 0.666571
9 0.834262
10 0.800029
F1-Score
0 0.926818
1 0.706572
2 0.7754
3 0.807718
4 0.813537
5 0.75754
6 0.894571
7 0.860515
8 0.770978
9 0.743243
10 0.805689
Hitrate
0 0.8024
MatConf 
|458 2 0 0 0 6 22 2 0 4 |
|0 553 0 2 0 0 1 1 1 0 |
|10 124 351 3 9 2 5 22 13 6 |
|3 51 7 382 1 6 4 2 10 14 |
|0 27 0 0 350 0 6 2 0 92 |
|7 67 0 39 0 303 15 1 4 33 |
|7 33 0 0 5 4 466 0 1 0 |
|0 49 1 0 2 0 1 432 0 21 |
|4 74 0 33 4 10 5 3 318 26 |
|5 22 1 6 10 0 1 34 0 399 |
Iteracion 14 k 145
Presicion
0 0.934221
1 0.543223
2 0.968241
3 0.812699
4 0.91681
5 0.91142
6 0.885559
7 0.862019
8 0.912255
9 0.666876
10 0.841332
Recall
0 0.924704
1 0.990942
2 0.641927
3 0.790052
4 0.731573
5 0.634958
6 0.900349
7 0.851076
8 0.664213
9 0.830212
10 0.796001
F1-Score
0 0.929427
1 0.700607
2 0.771501
3 0.801068
4 0.813441
5 0.74727
6 0.892592
7 0.856034
8 0.768504
9 0.739517
10 0.801996
Hitrate
0 0.7984
MatConf 
|457 2 0 0 0 7 21 2 0 5 |
|0 553 0 2 0 0 1 1 1 0 |
|10 126 349 3 9 1 5 23 13 6 |
|2 55 8 379 1 5 4 2 10 14 |
|0 29 0 0 350 0 5 2 0 91 |
|6 68 0 42 1 297 17 1 4 33 |
|6 36 0 0 4 5 464 0 1 0 |
|0 50 1 0 2 0 1 429 0 23 |
|3 73 1 34 4 11 5 3 317 26 |
|5 23 1 6 10 0 1 34 1 397 |
Iteracion 15 k 155
Presicion
0 0.932374
1 0.53606
2 0.968377
3 0.817485
4 0.911669
5 0.907331
6 0.877114
7 0.856073
8 0.904323
9 0.666395
10 0.83772
Recall
0 0.922671
1 0.990942
2 0.638157
3 0.779786
4 0.725607
5 0.61883
6 0.898317
7 0.846925
8 0.660607
9 0.828437
10 0.791028
F1-Score
0 0.927447
1 0.694345
2 0.768934
3 0.797964
4 0.807876
5 0.733794
6 0.887305
7 0.850808
8 0.762874
9 0.738565
10 0.796991
Hitrate
0 0.7934
MatConf 
|456 2 0 0 0 7 22 2 0 5 |
|0 553 1 1 0 0 1 1 1 0 |
|10 128 347 3 9 1 7 22 12 6 |
|2 57 8 374 1 5 4 2 13 14 |
|0 30 0 0 347 0 6 3 0 91 |
|7 73 0 42 1 289 18 1 5 33 |
|6 37 0 0 4 5 463 0 1 0 |
|0 51 1 0 2 0 1 427 0 24 |
|3 76 0 32 5 12 5 4 315 25 |
|5 22 1 5 11 0 1 36 1 396 |
Iteracion 16 k 165
Presicion
0 0.928435
1 0.526863
2 0.967797
3 0.812343
4 0.900068
5 0.907959
6 0.874364
7 0.848612
8 0.907874
9 0.665415
10 0.833973
Recall
0 0.920735
1 0.990942
2 0.628271
3 0.779683
4 0.723669
5 0.603055
6 0.890729
7 0.842774
8 0.649617
9 0.819731
10 0.784921
F1-Score
0 0.924516
1 0.686627
2 0.761641
3 0.79536
4 0.802092
5 0.723
6 0.882188
7 0.845082
8 0.756835
9 0.734422
10 0.791176
Hitrate
0 0.7876
MatConf 
|455 2 0 0 0 7 23 2 0 5 |
|0 553 1 1 0 0 1 1 1 0 |
|9 132 342 4 9 1 7 24 12 5 |
|2 58 8 374 1 5 4 2 12 14 |
|0 31 0 0 346 0 6 4 0 90 |
|9 76 0 44 1 282 18 1 5 33 |
|6 39 0 0 6 5 459 0 1 0 |
|0 52 1 0 2 0 1 425 0 25 |
|4 80 0 32 5 11 5 5 310 25 |
|5 24 1 5 14 0 1 36 0 392 |
Iteracion 17 k 175
Presicion
0 0.930774
1 0.519606
2 0.96794
3 0.803312
4 0.898589
5 0.917201
6 0.882192
7 0.855463
8 0.908203
9 0.660332
10 0.834361
Recall
0 0.924704
1 0.990942
2 0.628755
3 0.775524
4 0.711033
5 0.590071
6 0.886634
7 0.842774
8 0.647876
9 0.826022
10 0.782433
F1-Score
0 0.927634
1 0.680342
2 0.761995
3 0.789078
4 0.793655
5 0.716869
6 0.884178
7 0.84857
8 0.755477
9 0.733843
10 0.789164
Hitrate
0 0.7852
MatConf 
|457 2 0 1 0 7 21 2 0 4 |
|0 553 1 1 0 0 1 1 1 0 |
|9 135 342 4 9 1 6 23 11 5 |
|2 61 8 372 1 5 4 2 12 13 |
|0 32 0 0 340 0 5 3 0 97 |
|9 79 0 46 2 276 17 1 6 33 |
|6 42 0 0 6 4 457 0 1 0 |
|0 52 1 0 2 0 1 425 0 25 |
|3 82 0 34 5 8 5 5 309 26 |
|5 24 1 5 13 0 1 34 0 395 |
Iteracion 18 k 185
Presicion
0 0.932412
1 0.510679
2 0.96487
3 0.792236
4 0.895698
5 0.913521
6 0.876834
7 0.85749
8 0.911386
9 0.65881
10 0.831393
Recall
0 0.922567
1 0.990942
2 0.626892
3 0.764505
4 0.713336
5 0.5647
6 0.884601
7 0.843201
8 0.63135
9 0.826173
10 0.776827
F1-Score
0 0.927372
1 0.672438
2 0.759697
3 0.778059
4 0.793941
5 0.696822
6 0.880579
7 0.849672
8 0.745283
9 0.732697
10 0.783656
Hitrate
0 0.7798
MatConf 
|456 2 0 1 0 7 22 2 0 4 |
|0 553 1 1 0 0 1 1 1 0 |
|8 136 341 4 9 1 6 24 11 5 |
|2 66 8 367 1 5 4 2 12 13 |
|0 32 0 0 341 0 6 3 0 95 |
|9 86 0 49 2 264 17 2 5 35 |
|6 43 0 0 6 5 456 0 0 0 |
|0 52 1 0 1 0 1 425 0 26 |
|3 86 1 36 5 7 6 5 301 27 |
|5 25 1 5 15 0 1 31 0 395 |
Iteracion 19 k 195
Presicion
0 0.928292
1 0.502564
2 0.961516
3 0.792117
4 0.897307
5 0.912419
6 0.869464
7 0.849929
8 0.915298
9 0.65458
10 0.828349
Recall
0 0.920534
1 0.990942
2 0.614204
3 0.764097
4 0.702975
5 0.55457
6 0.880503
7 0.840024
8 0.620544
9 0.823758
10 0.771215
F1-Score
0 0.924356
1 0.66555
2 0.74922
3 0.777773
4 0.788029
5 0.688368
6 0.874731
7 0.844141
8 0.73914
9 0.729205
10 0.778051
Hitrate
0 0.7742
MatConf 
|455 2 0 1 0 7 23 2 0 4 |
|0 553 1 1 0 0 1 1 1 0 |
|9 140 334 4 9 1 9 23 11 5 |
|2 68 8 367 1 5 4 3 9 13 |
|0 33 0 0 336 0 6 4 0 98 |
|9 86 0 51 2 259 17 2 6 37 |
|6 45 0 0 6 5 454 0 0 0 |
|1 54 1 0 1 0 1 423 0 25 |
|3 92 2 34 6 7 6 5 296 26 |
|5 25 1 5 13 0 1 34 0 394 |
